0.144	0.759	-0.130003	0	0.0648279	0	0	0	
0.144	0.866	-0.150003	0	0.0918201	0	0	0	
0.144	0.965	-0.160004	0	0.0771756	0	0	0	
0.144	1.061	-0.150003	0	0.0509163	0	0	0	
0.144	1.165	-0.160004	0	0.0433758	0	0	0	
0.144	1.275	-0.170004	0	0.0775889	0	0	0	
0.144	1.378	-0.180004	0	0.104503	0	0	0	
0.144	1.475	-0.210005	0	0.0821671	0	0	0	
0.144	1.573	-0.190004	0	0.0633639	0	0	0	
0.144	1.68	-0.200005	0	0.0709711	0	0	0	
0.144	1.796	-0.170004	0	0.109069	0	0	0	
0.18	1.918	-0.170004	0	0.14752	0	0	0	
0.18	2.04	-0.170004	0	-1.11665	0	0	0	
0.18	2.163	-0.170004	0	0.0830071	0	0	0	
0.18	2.29	-0.110003	0	0.0915914	0	0	0	
0.18	2.42	-0.110003	0	0.111638	0	0	0	
0.18	2.53	-0.160004	0	0.128034	0	0	0	
0.18	2.616	-0.210005	0	0.0569978	0	0	0	
0.18	2.693	-0.240005	0	-0.0300493	0	0	0	
0.18	2.783	-0.200005	0	-0.0609393	0	0	0	
0.18	2.894	-0.160004	0	-0.00843534	0	0	0	
0.18	3.015	-0.160004	0	0.0750249	0	0	0	
0.18	3.129	-0.290007	0	0.117441	0	0	0	
0.18	3.24	-0.170004	0	0.0955363	0	0	0	
0.18	3.369	-0.120003	0	0.0885838	0	0	0	
0.18	3.497	-0.160004	0	0.161448	0	0	0	
0.18	3.611	-0.210005	0	0.162697	0	0	0	
0.18	3.721	-0.210005	0	0.114421	0	0	0	
0.18	3.839	-0.180004	0	0.103662	0	0	0	
0.18	3.969	-0.200005	0	0.138424	0	0	0	
0.18	4.101	-0.190004	0	0.188724	0	0	0	
0.216	4.241	-0.210005	0	0.201433	0	0	0	
0.216	4.398	-0.120003	0	-1.0545	0	0	0	
0.216	4.567	-0.150003	0	0.210574	0	0	0	
0.216	4.721	-0.140003	0	0.262403	0	0	0	
0.216	4.868	-0.140003	0	0.211925	0	0	0	
0.216	5.004	-0.190004	0	0.191315	0	0	0	
0.216	5.126	-0.220005	0	0.155205	0	0	0	
0.216	5.253	-0.200005	0	0.107241	0	0	0	
0.252	5.397	-0.200005	0	0.131054	0	0	0	
0.252	5.548	-0.210005	0	-1.09081	0	0	0	
0.252	5.701	-0.190004	0	0.136352	0	0	0	
0.252	5.859	-0.150003	0	0.149876	0	0	0	
0.252	6.019	-0.130003	0	0.174908	0	0	0	
0.252	6.165	-0.160004	0	0.188709	0	0	0	
0.288	6.296	-0.210005	0	0.141689	0	0	0	
0.288	6.423	-0.310007	0	-1.20124	0	0	0	
0.288	6.564	-0.170004	0	-0.0164627	0	0	0	
0.288	6.738	-0.0600014	0	0.0418063	0	0	0	
0.288	6.91	-0.0800018	0	0.172944	0	0	0	
0.288	7.043	-0.290007	0	0.172149	0	0	0	
0.288	7.142	-0.220005	0	0.0304372	0	0	0	
0.288	7.262	-0.170004	0	-0.0937783	0	0	0	
0.288	7.398	-0.170004	0	-0.00995636	0	0	0	
0.288	7.528	-0.210005	0	0.0556437	0	0	0	
0.288	7.651	-0.190004	0	0.0381364	0	0	0	
0.288	7.777	-0.190004	0	0.0165845	0	0	0	
0.288	7.908	-0.180004	0	0.0328229	0	0	0	
0.288	8.039	-0.190004	0	0.0567909	0	0	0	
0.288	8.169	-0.160004	0	0.0619259	0	0	0	
0.288	8.303	-0.180004	0	0.0632515	0	0	0	
0.288	8.441	-0.170004	0	0.083569	0	0	0	
0.324	8.577	-0.180004	0	0.104046	0	0	0	
0.324	8.716	-0.170004	0	-1.18971	0	0	0	
0.324	8.859	-0.140003	0	0.02191	0	0	0	
0.324	9.003	-0.140003	0	0.0425801	0	0	0	
0.324	9.141	-0.110003	0	0.0519924	0	0	0	
0.324	9.266	-0.140003	0	0.0347986	0	0	0	
0.324	9.369	-0.210005	0	-0.00928259	0	0	0	
0.324	9.465	-0.220005	0	-0.0881283	0	0	0	
0.324	9.568	-0.200005	0	-0.110738	0	0	0	
0.324	9.683	-0.210005	0	-0.0803289	0	0	0	
0.324	9.81	-0.230005	0	-0.0306168	0	0	0	
0.324	9.951	-0.120003	0	0.0195656	0	0	0	
0.324	10.103	-0.0700016	0	0.0778346	0	0	0	
0.324	10.243	-0.170004	0	0.125233	0	0	0	
0.324	10.369	-0.130003	0	0.0855054	0	0	0	
0.324	10.492	-0.150003	0	0.0376999	0	0	0	
0.324	10.602	-0.160004	0	0.0312199	0	0	0	
0.324	10.708	-0.170004	0	-0.0134444	0	0	0	
0.324	10.82	-0.150003	0	-0.024363	0	0	0	
0.324	10.945	-0.140003	0	0.00263298	0	0	0	
0.324	11.065	-0.170004	0	0.0565049	0	0	0	
0.324	11.181	-0.170004	0	0.0423624	0	0	0	
0.324	11.297	-0.160004	0	0.0318491	0	0	0	
0.324	11.418	-0.160004	0	0.0363896	0	0	0	
0.324	11.538	-0.160004	0	0.0599613	0	0	0	
0.324	11.659	-0.170004	0	0.060904	0	0	0	
0.324	11.784	-0.150003	0	0.0694085	0	0	0	
0.324	11.913	-0.160004	0	0.0893779	0	0	0	
0.324	12.04	-0.160004	0	0.109495	0	0	0	
0.324	12.169	-0.160004	0	0.106944	0	0	0	
0.324	12.302	-0.140003	0	0.11953	0	0	0	
0.324	12.439	-0.160004	0	0.139813	0	0	0	
0.324	12.574	-0.160004	0	0.160243	0	0	0	
0.36	12.716	-0.150003	0	0.158006	0	0	0	
0.36	12.868	-0.150003	0	-1.10161	0	0	0	
0.36	13.038	-0.100002	0	0.136889	0	0	0	
0.36	13.217	-0.0600014	0	0.211363	0	0	0	
0.36	13.388	-0.0400009	0	0.252275	0	0	0	
0.36	13.538	-0.100002	0	0.228845	0	0	0	
0.36	13.668	-0.130003	0	0.155604	0	0	0	
0.396	13.795	-0.160004	0	0.0853477	0	0	0	
0.396	13.932	-0.150003	0	-1.21252	0	0	0	
0.396	14.078	-0.130003	0	0.0253888	0	0	0	
0.396	14.235	-0.0700016	0	0.0650163	0	0	0	
0.396	14.4	-0.0200005	0	0.112602	0	0	0	
0.396	14.55	-0.0600014	0	0.149215	0	0	0	
0.396	14.677	-0.0900021	0	0.0985817	0	0	0	
0.396	14.793	-0.130003	0	0.0169039	0	0	0	
0.396	14.906	-0.160004	0	-0.0199895	0	0	0	
0.396	15.027	-0.140003	0	-0.0268658	0	0	0	
0.396	15.159	-0.120003	0	0.00800967	0	0	0	
0.432	15.299	-0.0900021	0	0.054629	0	0	0	
0.432	15.44	-0.100002	0	-1.2013	0	0	0	
0.432	15.574	-0.100002	0	0.00286305	0	0	0	
0.432	15.711	-0.0600014	0	-0.0182579	0	0	0	
0.432	15.848	-0.0400009	0	-0.00158155	0	0	0	
0.432	15.968	-0.0600014	0	0.00377715	0	0	0	
0.396	16.061	-0.100002	0	-0.0555627	0	0	0	
0.396	16.138	-0.150003	0	1.13792	0	0	0	
0.396	16.217	-0.140003	0	-0.114223	0	0	0	
0.396	16.307	-0.160004	0	-0.103578	0	0	0	
0.396	16.411	-0.160004	0	-0.0586222	0	0	0	
0.396	16.531	-0.120003	0	-0.00180066	0	0	0	
0.432	16.665	-0.100002	0	0.0631702	0	0	0	
0.432	16.804	-0.0900021	0	-1.17038	0	0	0	
0.432	16.936	-0.100002	0	0.0487748	0	0	0	
0.432	17.061	-0.0800018	0	0.0275711	0	0	0	
0.432	17.18	-0.0700016	0	0.00610209	0	0	0	
0.396	17.286	-0.0800018	0	-0.0118431	0	0	0	
0.396	17.372	-0.120003	0	1.23489	0	0	0	
0.396	17.447	-0.150003	0	-0.0319614	0	0	0	
0.396	17.52	-0.220005	0	-0.0704659	0	0	0	
0.396	17.605	-0.210005	0	-0.0751415	0	0	0	
0.432	17.725	-0.130003	0	-0.0265913	0	0	0	
0.432	17.871	-0.0800018	0	-1.1816	0	0	0	
0.432	18.015	-0.110003	0	0.116952	0	0	0	
0.432	18.147	-0.0800018	0	0.115063	0	0	0	
0.432	18.271	-0.0600014	0	0.0750195	0	0	0	
0.432	18.383	-0.160004	0	0.0497435	0	0	0	
0.432	18.475	-0.140003	0	0.00892079	0	0	0	
0.432	18.576	-0.130003	0	-0.0628198	0	0	0	
0.432	18.684	-0.120003	0	-0.0249556	0	0	0	
0.432	18.805	-0.0800018	0	0.00564706	0	0	0	
0.432	18.922	-0.0900021	0	0.0593578	0	0	0	
0.432	19.021	-0.120003	0	0.0488793	0	0	0	
0.432	19.107	-0.150003	0	-0.0150514	0	0	0	
0.432	19.196	-0.160004	0	-0.0606651	0	0	0	
0.432	19.294	-0.140003	0	-0.0458696	0	0	0	
0.432	19.399	-0.120003	0	-0.00812733	0	0	0	
0.432	19.504	-0.110003	0	0.0223577	0	0	0	
0.432	19.605	-0.130003	0	0.0264853	0	0	0	
0.432	19.705	-0.110003	0	0.0153619	0	0	0	
0.432	19.806	-0.130003	0	0.0155121	0	0	0	
0.432	19.909	-0.120003	0	0.0232373	0	0	0	
0.432	20.012	-0.130003	0	0.0347999	0	0	0	
0.432	20.113	-0.130003	0	0.0388445	0	0	0	
0.432	20.216	-0.120003	0	0.0352705	0	0	0	
0.432	20.325	-0.100002	0	0.046833	0	0	0	
0.432	20.438	-0.110003	0	0.0737025	0	0	0	
0.468	20.548	-0.120003	0	0.0932196	0	0	0	
0.468	20.653	-0.150003	0	-1.20535	0	0	0	
0.468	20.756	-0.140003	0	-0.0251783	0	0	0	
0.468	20.862	-0.0800018	0	-0.0286876	0	0	0	
0.468	20.972	-0.0600014	0	-0.013226	0	0	0	
0.468	21.071	-0.0700016	0	0.00614667	0	0	0	
0.432	21.145	-0.110003	0	-0.0314083	0	0	0	
0.432	21.205	-0.140003	0	1.16885	0	0	0	
0.432	21.263	-0.160004	0	-0.076398	0	0	0	
0.432	21.33	-0.180004	0	-0.0816795	0	0	0	
0.432	21.413	-0.170004	0	-0.0451292	0	0	0	
0.468	21.518	-0.120003	0	0.0183738	0	0	0	
0.468	21.643	-0.0800018	0	-1.18615	0	0	0	
0.468	21.767	-0.0800018	0	0.0889521	0	0	0	
0.468	21.883	-0.0500011	0	0.090029	0	0	0	
0.468	21.988	-0.0600014	0	0.0644484	0	0	0	
0.468	22.071	-0.0900021	0	0.0271286	0	0	0	
0.468	22.132	-0.140003	0	-0.0525142	0	0	0	
0.468	22.185	-0.160004	0	-0.132992	0	0	0	
0.468	22.244	-0.150003	0	-0.161068	0	0	0	
0.468	22.322	-0.150003	0	-0.13614	0	0	0	
0.468	22.414	-0.0800018	0	-0.061515	0	0	0	
0.468	22.516	-0.0500011	0	-0.00515902	0	0	0	
0.468	22.605	-0.0700016	0	0.0364989	0	0	0	
0.432	22.668	-0.0900021	0	-0.00897479	0	0	0	
0.432	22.708	-0.150003	0	1.18709	0	0	0	
0.432	22.739	-0.160004	0	-0.0928676	0	0	0	
0.432	22.774	-0.250006	0	-0.12556	0	0	0	
0.432	22.832	-0.200005	0	-0.109108	0	0	0	
0.468	22.932	-0.110003	0	-0.0201951	0	0	0	
0.468	23.055	-0.0700016	0	-1.1496	0	0	0	
0.468	23.172	-0.0800018	0	0.13674	0	0	0	
0.468	23.273	-0.0600014	0	0.118716	0	0	0	
0.468	23.359	-0.0600014	0	0.0624046	0	0	0	
0.468	23.426	-0.0800018	0	0.00925958	0	0	0	
0.468	23.474	-0.120003	0	-0.0597018	0	0	0	
0.432	23.509	-0.160004	0	-0.12939	0	0	0	
0.432	23.545	-0.210005	0	1.11456	0	0	0	
0.468	23.595	-0.160004	0	-0.0751357	0	0	0	
0.468	23.676	-0.120003	0	-1.312	0	0	0	
0.468	23.772	-0.240005	0	0.00284481	0	0	0	
0.468	23.868	-0.0800018	0	0.0631208	0	0	0	
0.468	23.977	-0.0600014	0	0.0668733	0	0	0	
0.468	24.073	-0.0400009	0	0.120123	0	0	0	
0.468	24.146	-0.230005	0	0.0749054	0	0	0	
0.468	24.201	-0.210005	0	-0.00887465	0	0	0	
0.504	24.285	-0.0700016	0	-0.0745428	0	0	0	
0.504	24.387	-0.0400009	0	-1.25354	0	0	0	
0.504	24.472	-0.0700016	0	0.0131286	0	0	0	
0.468	24.53	-0.0600014	0	-0.0475734	0	0	0	
0.468	24.568	-0.0300007	0	1.14452	0	0	0	
0.468	24.58	-0.100002	0	-0.124196	0	0	0	
0.468	24.573	-0.200005	0	-0.221674	0	0	0	
0.468	24.578	-0.260006	0	-0.293535	0	0	0	
0.468	24.611	-0.190004	0	-0.248142	0	0	0	
0.468	24.686	-0.0500011	0	-0.141346	0	0	0	
0.468	24.778	0	0	0.019801	0	0	0	
0.468	24.847	-0.0100002	0	0.0874743	0	0	0	
0.432	24.877	0	0	0.00351059	0	0	0	
0.432	24.875	0	0	1.14932	0	0	0	
0.432	24.858	-0.120003	0	-0.16618	0	0	0	
0.432	24.838	-0.210005	0	-0.223369	0	0	0	
0.432	24.844	-0.240005	0	-0.235452	0	0	0	
0.432	24.889	-0.140003	0	-0.13726	0	0	0	
0.432	24.971	-0.0500011	0	0.0114309	0	0	0	
0.432	25.056	-0.0400009	0	0.154026	0	0	0	
0.432	25.12	-0.0500011	0	0.168656	0	0	0	
0.432	25.153	-0.0900021	0	0.0920502	0	0	0	
0.432	25.166	-0.130003	0	-0.0234317	0	0	0	
0.432	25.17	-0.240005	0	-0.0982813	0	0	0	
0.432	25.175	-0.250006	0	-0.132013	0	0	0	
0.432	25.213	-0.150003	0	-0.128072	0	0	0	
0.432	25.295	-0.0800018	0	-0.00224555	0	0	0	
0.468	25.383	-0.0900021	0	0.166721	0	0	0	
0.468	25.461	-0.0500011	0	-1.09878	0	0	0	
0.468	25.523	-0.0700016	0	0.0614748	0	0	0	
0.468	25.562	-0.0600014	0	0.00363493	0	0	0	
0.432	25.58	-0.0400009	0	-0.0814953	0	0	0	
0.432	25.577	-0.130003	0	1.13167	0	0	0	
0.432	25.574	-0.150003	0	-0.142447	0	0	0	
0.432	25.582	-0.220005	0	-0.142573	0	0	0	
0.468	25.605	-0.210005	0	-0.100808	0	0	0	
0.468	25.657	-0.120003	0	-1.33496	0	0	0	
0.468	25.736	-0.140003	0	-0.0287853	0	0	0	
0.468	25.816	-0.0100002	0	0.0760221	0	0	0	
0.576	25.888	0.0500011	0	0.0829201	0	0	0	
0.612	25.921	-0.0200005	0	-3.81905	0	0	0	
0.684	25.917	-0.0100002	0	-1.67162	0	0	0	
0.792	25.901	0	0	-3.19938	0	0	0	
0.9	25.878	0.170004	0	-4.73013	0	0	0	
0.936	25.838	0.370008	0	-5.04744	0	0	0	
0.972	25.731	0.350008	0	-2.81998	0	0	0	
1.044	25.502	0.270006	0	-3.17327	0	0	0	
1.08	25.142	0.260006	0	-5.03008	0	0	0	
1.152	24.686	0.250006	0	-4.43951	0	0	0	
1.188	24.15	0.350008	0	-6.20728	0	0	0	
1.224	23.537	0.410009	0	-5.43146	0	0	0	
1.224	22.814	0.470011	0	-5.84224	0	0	0	
1.188	21.962	0.480011	0	-5.0901	0	0	0	
1.188	20.965	0.520012	0	-4.31792	0	0	0	
1.116	19.816	0.490011	0	-6.09811	0	0	0	
1.044	18.513	0.43001	0	-4.13265	0	0	0	
0.936	17.068	0.460011	0	-4.57053	0	0	0	
0.792	15.497	0.480011	0	-3.67719	0	0	0	
0.684	13.8	0.480011	0	-2.63185	0	0	0	
0.504	11.985	0.510012	0	-4.07786	0	0	0	
0.36	10.076	0.460011	0	-1.72037	0	0	0	
0.18	8.078	0.460011	0	-2.95746	0	0	0	
-0.036	5.996	0.470011	0	-1.69277	0	0	0	
-0.216	3.835	0.44001	0	-0.315856	0	0	0	
-0.432	1.6	0.350008	0	-1.40963	0	0	0	
-0.684	-0.714	0.300007	0	-0.00103712	0	0	0	
-0.9	-3.065	0.250006	0	1.4823	0	0	0	
-1.116	-5.444	0.250006	0	0.635996	0	0	0	
-1.332	-7.826	0.130003	0	1.01737	0	0	0	
-1.548	-10.219	0.120003	0	1.49281	0	0	0	
-1.764	-12.581	0.130003	0	1.93767	0	0	0	
-1.98	-14.913	0.110003	0	2.54198	0	0	0	
-2.16	-17.204	0.0500011	0	3.14371	0	0	0	
-2.34	-19.467	0.0200005	0	2.49692	0	0	0	
-2.52	-21.666	0.0200005	0	2.99714	0	0	0	
-2.664	-23.795	0	0	3.63547	0	0	0	
-2.844	-25.848	-0.0500011	0	3.00759	0	0	0	
-2.988	-27.839	-0.160004	0	4.89176	0	0	0	
-3.096	-29.767	-0.150003	0	4.23915	0	0	0	
-3.204	-31.595	-0.160004	0	3.49611	0	0	0	
-3.276	-33.32	-0.220005	0	4.09125	0	0	0	
-3.348	-34.933	-0.160004	0	3.41019	0	0	0	
-3.42	-36.42	-0.150003	0	3.96228	0	0	0	
-3.456	-37.804	-0.140003	0	4.57207	0	0	0	
-3.456	-39.087	-0.120003	0	3.80767	0	0	0	
-3.456	-40.273	-0.160004	0	2.94302	0	0	0	
-3.456	-41.355	-0.160004	0	3.262	0	0	0	
-3.456	-42.324	-0.100002	0	3.6114	0	0	0	
-3.42	-43.191	-0.0800018	0	3.99914	0	0	0	
-3.384	-43.974	-0.0900021	0	3.05789	0	0	0	
-3.312	-44.674	-0.140003	0	3.24698	0	0	0	
-3.24	-45.299	-0.150003	0	2.144	0	0	0	
-3.132	-45.832	-0.100002	0	2.20872	0	0	0	
-3.06	-46.27	0	0	1.04953	0	0	0	
-2.952	-46.628	0.0500011	0	2.39177	0	0	0	
-2.88	-46.938	0.0600014	0	1.1942	0	0	0	
-2.772	-47.216	0.0300007	0	2.36444	0	0	0	
-2.664	-47.469	0.0100002	0	0.98917	0	0	0	
-2.556	-47.681	-0.0200005	0	0.783407	0	0	0	
-2.448	-47.846	-0.0200005	0	0.639529	0	0	0	
-2.304	-47.951	0.0800018	0	0.520109	0	0	0	
-2.196	-48.005	0.0600014	0	-0.839588	0	0	0	
-2.052	-48.037	0.0400009	0	0.255296	0	0	0	
-1.944	-48.044	0.190004	0	-1.24469	0	0	0	
-1.836	-48.04	0.300007	0	-0.245919	0	0	0	
-1.728	-48.067	0.280006	0	-0.494363	0	0	0	
-1.62	-48.143	0.160004	0	-0.902236	0	0	0	
-1.548	-48.259	0.120003	0	-1.37987	0	0	0	
-1.44	-48.383	0.180004	0	-0.533574	0	0	0	
-1.368	-48.507	0.260006	0	-2.05349	0	0	0	
-1.296	-48.65	0.260006	0	-1.05681	0	0	0	
-1.224	-48.836	0.250006	0	-1.32735	0	0	0	
-1.188	-49.061	0.280006	0	-1.69	0	0	0	
-1.152	-49.33	0.260006	0	-0.74755	0	0	0	
-1.08	-49.639	0.190004	0	-1.02054	0	0	0	
-1.044	-49.992	0.130003	0	-2.57156	0	0	0	
-1.008	-50.364	0.180004	0	-1.65295	0	0	0	
-1.008	-50.737	0.280006	0	-1.83581	0	0	0	
-0.972	-51.132	0.300007	0	-0.659284	0	0	0	
-0.972	-51.578	0.280006	0	-2.04921	0	0	0	
-0.972	-52.072	0.250006	0	-1.06392	0	0	0	
-0.972	-52.614	0.230005	0	-1.26414	0	0	0	
-1.008	-53.192	0.240005	0	-1.46618	0	0	0	
-1.008	-53.807	0.240005	0	-0.33293	0	0	0	
-1.044	-54.454	0.230005	0	-1.69128	0	0	0	
-1.08	-55.14	0.200005	0	-0.545633	0	0	0	
-1.116	-55.859	0.220005	0	-0.62276	0	0	0	
-1.152	-56.588	0.230005	0	-0.678543	0	0	0	
-1.224	-57.349	0.200005	0	-0.648136	0	0	0	
-1.26	-58.133	0.180004	0	0.589739	0	0	0	
-1.296	-58.933	0.170004	0	-0.625834	0	0	0	
-1.368	-59.752	0.130003	0	-0.620769	0	0	0	
-1.404	-60.578	0.130003	0	0.663781	0	0	0	
-1.476	-61.405	0.200005	0	-0.493145	0	0	0	
-1.548	-62.221	0.170004	0	0.858929	0	0	0	
-1.584	-63.047	0.140003	0	1.06174	0	0	0	
-1.656	-63.876	0.150003	0	-0.106496	0	0	0	
-1.692	-64.692	0.0800018	0	1.23798	0	0	0	
-1.764	-65.507	0.120003	0	0.156761	0	0	0	
-1.8	-66.294	0.120003	0	1.51681	0	0	0	
-1.872	-67.064	0.120003	0	0.493303	0	0	0	
-1.908	-67.819	0.120003	0	1.91539	0	0	0	
-1.944	-68.548	0.100002	0	0.844125	0	0	0	
-1.98	-69.259	0.0600014	0	1.0102	0	0	0	
-2.016	-69.949	0.0600014	0	1.14683	0	0	0	
-2.052	-70.599	0.0700016	0	1.29556	0	0	0	
-2.088	-71.215	0.110003	0	1.51746	0	0	0	
-2.088	-71.798	0.100002	0	1.71814	0	0	0	
-2.124	-72.348	0.0800018	0	0.62472	0	0	0	
-2.124	-72.871	0.0500011	0	2.01901	0	0	0	
-2.124	-73.361	0.0800018	0	0.905415	0	0	0	
-2.124	-73.812	0.0800018	0	1.01055	0	0	0	
-2.124	-74.225	0.0700016	0	1.13975	0	0	0	
-2.124	-74.609	0.0700016	0	1.26676	0	0	0	
-2.124	-74.963	0.170004	0	1.36097	0	0	0	
-2.124	-75.296	0.100002	0	1.46007	0	0	0	
-2.124	-75.632	0.0700016	0	1.52619	0	0	0	
-2.088	-75.947	0.0700016	0	1.50171	0	0	0	
-2.088	-76.223	0.0200005	0	0.276912	0	0	0	
-2.052	-76.458	0.0100002	0	1.60792	0	0	0	
-2.016	-76.64	0.0600014	0	0.461612	0	0	0	
-1.98	-76.772	0.0800018	0	0.557454	0	0	0	
-1.944	-76.866	0.0700016	0	0.64402	0	0	0	
-1.908	-76.926	0.0800018	0	0.686769	0	0	0	
-1.872	-76.954	0.210005	0	0.715841	0	0	0	
-1.836	-76.966	0.200005	0	0.738621	0	0	0	
-1.8	-76.987	0.120003	0	0.701742	0	0	0	
-1.728	-77.015	0.0700016	0	0.570324	0	0	0	
-1.692	-77.028	0.0300007	0	-0.845352	0	0	0	
-1.656	-77.022	0	0	0.308863	0	0	0	
-1.62	-77.01	0.0100002	0	0.28397	0	0	0	
-1.584	-76.984	0.0400009	0	0.210379	0	0	0	
-1.548	-76.951	0.0400009	0	0.167461	0	0	0	
-1.512	-76.921	0.0400009	0	0.0984516	0	0	0	
-1.476	-76.899	0.0200005	0	-0.00839162	0	0	0	
-1.44	-76.88	-0.0600014	0	-0.134315	0	0	0	
-1.404	-76.852	-0.0400009	0	-0.241549	0	0	0	
-1.368	-76.797	0	0	-0.303232	0	0	0	
-1.332	-76.718	0.0900021	0	-0.296043	0	0	0	
-1.296	-76.638	0.120003	0	-0.299178	0	0	0	
-1.296	-76.578	0.130003	0	-0.388998	0	0	0	
-1.26	-76.554	0.110003	0	0.732899	0	0	0	
-1.26	-76.563	-0.0400009	0	-0.693341	0	0	0	
-1.224	-76.568	-0.0200005	0	0.376851	0	0	0	
-1.188	-76.541	0.0100002	0	-0.899807	0	0	0	
-1.188	-76.498	0	0	-0.874871	0	0	0	
-1.152	-76.453	0.0800018	0	0.381957	0	0	0	
-1.152	-76.403	0.210005	0	-0.900323	0	0	0	
-1.152	-76.378	0.230005	0	0.315372	0	0	0	
-1.152	-76.405	0.110003	0	0.222148	0	0	0	
-1.152	-76.457	0.0800018	0	0.0252109	0	0	0	
-1.116	-76.495	0.0500011	0	-0.0709755	0	0	0	
-1.116	-76.507	0.100002	0	-1.31135	0	0	0	
-1.116	-76.501	0.140003	0	-0.0189674	0	0	0	
-1.116	-76.504	0.220005	0	0.0490818	0	0	0	
-1.116	-76.518	0.290007	0	0.0150843	0	0	0	
-1.152	-76.564	0.170004	0	-0.0269251	0	0	0	
-1.152	-76.654	0.0800018	0	1.14227	0	0	0	
-1.152	-76.753	0.0600014	0	-0.221903	0	0	0	
-1.188	-76.82	0.0400009	0	-0.259681	0	0	0	
-1.188	-76.857	0.270006	0	1.14982	0	0	0	
-1.188	-76.873	0.240005	0	0.0664909	0	0	0	
-1.224	-76.93	0.0700016	0	0.144995	0	0	0	
-1.224	-77.017	-0.0400009	0	1.27986	0	0	0	
-1.224	-77.078	-0.0500011	0	-0.0314879	0	0	0	
-1.224	-77.077	0.0400009	0	0.0641158	0	0	0	
-1.224	-77.031	0.0900021	0	0.297723	0	0	0	
-1.224	-76.976	0.100002	0	0.469051	0	0	0	
-1.224	-76.939	0	0	0.505104	0	0	0	
-1.224	-76.921	0.0300007	0	0.43874	0	0	0	
-1.224	-76.899	-0.0100002	0	0.367876	0	0	0	
-1.224	-76.875	-0.0900021	0	0.38381	0	0	0	
-1.224	-76.839	-0.120003	0	0.392313	0	0	0	
-1.224	-76.763	-0.0200005	0	0.438867	0	0	0	
-1.224	-76.647	0.0400009	0	0.592581	0	0	0	
-1.224	-76.516	0.0200005	0	0.747808	0	0	0	
-1.224	-76.391	-0.0200005	0	0.809437	0	0	0	
-1.188	-76.267	-0.0600014	0	0.791736	0	0	0	
-1.188	-76.132	-0.0900021	0	-0.49873	0	0	0	
-1.152	-75.974	-0.0800018	0	0.742912	0	0	0	
-1.152	-75.786	-0.0400009	0	-0.455845	0	0	0	
-1.116	-75.56	0.0200005	0	0.859442	0	0	0	
-1.116	-75.324	0.0200005	0	-0.280118	0	0	0	
-1.116	-75.094	-0.0200005	0	0.961709	0	0	0	
-1.08	-74.878	-0.0400009	0	0.948086	0	0	0	
-1.08	-74.662	-0.0800018	0	-0.38773	0	0	0	
-1.044	-74.438	-0.100002	0	0.815591	0	0	0	
-1.044	-74.194	-0.0700016	0	-0.437023	0	0	0	
-1.008	-73.924	-0.0500011	0	0.842734	0	0	0	
-1.008	-73.636	-0.0300007	0	-0.340281	0	0	0	
-0.972	-73.33	-0.0100002	0	0.933709	0	0	0	
-0.936	-73.024	-0.0200005	0	-0.278071	0	0	0	
-0.936	-72.715	-0.0300007	0	-0.362747	0	0	0	
-0.9	-72.398	-0.0200005	0	0.855533	0	0	0	
-0.864	-72.07	0	0	-0.393455	0	0	0	
-0.864	-71.74	0	0	-0.435841	0	0	0	
-0.828	-71.406	0	0	0.779473	0	0	0	
-0.828	-71.076	0	0	-0.4839	0	0	0	
-0.792	-70.753	0	0	0.70883	0	0	0	
-0.792	-70.421	0	0	-0.596439	0	0	0	
-0.792	-70.099	-0.0500011	0	0.645341	0	0	0	
-0.756	-69.785	-0.0300007	0	0.620287	0	0	0	
-0.756	-69.461	-0.0300007	0	-0.689085	0	0	0	
-0.72	-69.133	-0.0800018	0	0.556133	0	0	0	
-0.72	-68.803	-0.0100002	0	-0.707459	0	0	0	
-0.72	-68.456	-0.0100002	0	0.507853	0	0	0	
-0.684	-68.107	0	0	0.585509	0	0	0	
-0.684	-67.764	0.0100002	0	-0.684878	0	0	0	
-0.684	-67.419	-0.0500011	0	0.500872	0	0	0	
-0.648	-67.078	-0.0400009	0	0.521898	0	0	0	
-0.648	-66.731	0	0	-0.771344	0	0	0	
-0.648	-66.385	-0.0700016	0	0.45974	0	0	0	
-0.612	-66.043	0	0	0.469506	0	0	0	
-0.612	-65.689	0.0100002	0	-0.823718	0	0	0	
-0.612	-65.338	-0.0700016	0	0.430259	0	0	0	
-0.612	-65	-0.0500011	0	0.432695	0	0	0	
-0.612	-64.653	-0.0200005	0	0.396968	0	0	0	
-0.576	-64.305	-0.0900021	0	0.44448	0	0	0	
-0.576	-63.96	-0.0100002	0	-0.829683	0	0	0	
-0.576	-63.6	0.0100002	0	0.367373	0	0	0	
-0.576	-63.238	-0.0300007	0	0.438029	0	0	0	
-0.576	-62.887	0	0	0.459758	0	0	0	
-0.576	-62.537	-0.0600014	0	0.432031	0	0	0	
-0.576	-62.186	-0.0300007	0	0.44199	0	0	0	
-0.54	-61.823	-0.0100002	0	0.459515	0	0	0	
-0.54	-61.452	-0.0200005	0	-0.772582	0	0	0	
-0.54	-61.074	-0.0600014	0	0.466919	0	0	0	
-0.54	-60.695	-0.0300007	0	0.508136	0	0	0	
-0.54	-60.309	-0.0100002	0	0.526722	0	0	0	
-0.54	-59.919	-0.0300007	0	0.568254	0	0	0	
-0.504	-59.534	-0.0900021	0	0.59857	0	0	0	
-0.504	-59.144	-0.100002	0	-0.696706	0	0	0	
-0.504	-58.742	-0.0800018	0	0.532275	0	0	0	
-0.504	-58.318	-0.0400009	0	0.593241	0	0	0	
-0.468	-57.875	-0.0100002	0	0.692704	0	0	0	
-0.468	-57.424	-0.0300007	0	-0.509884	0	0	0	
-0.432	-56.977	-0.0800018	0	0.732802	0	0	0	
-0.432	-56.529	-0.0500011	0	-0.556307	0	0	0	
-0.432	-56.063	-0.0400009	0	0.659891	0	0	0	
-0.396	-55.592	-0.0300007	0	0.745928	0	0	0	
-0.396	-55.115	-0.0500011	0	-0.50829	0	0	0	
-0.396	-54.643	-0.0900021	0	0.727854	0	0	0	
-0.36	-54.17	-0.0600014	0	0.727503	0	0	0	
-0.36	-53.68	-0.0300007	0	-0.541725	0	0	0	
-0.324	-53.176	-0.100002	0	0.736371	0	0	0	
-0.324	-52.674	-0.0700016	0	-0.482673	0	0	0	
-0.288	-52.163	-0.0600014	0	0.724306	0	0	0	
-0.288	-51.639	-0.0200005	0	-0.513291	0	0	0	
-0.252	-51.104	-0.0400009	0	0.751084	0	0	0	
-0.252	-50.577	-0.0500011	0	-0.478082	0	0	0	
-0.216	-50.051	-0.0600014	0	0.707315	0	0	0	
-0.216	-49.523	-0.0400009	0	-0.567381	0	0	0	
-0.18	-48.987	-0.0500011	0	0.655688	0	0	0	
-0.18	-48.452	-0.0500011	0	-0.584719	0	0	0	
-0.144	-47.912	-0.0400009	0	0.627362	0	0	0	
-0.144	-47.366	-0.0400009	0	-0.624205	0	0	0	
-0.108	-46.819	-0.0500011	0	0.614677	0	0	0	
-0.108	-46.277	-0.0500011	0	-0.651688	0	0	0	
-0.072	-45.734	-0.0400009	0	0.545596	0	0	0	
-0.072	-45.184	-0.0500011	0	-0.720926	0	0	0	
-0.072	-44.641	-0.0500011	0	0.521868	0	0	0	
-0.036	-44.103	-0.0400009	0	0.51679	0	0	0	
-0.036	-43.565	-0.0400009	0	-0.772526	0	0	0	
0	-43.024	-0.0600014	0	0.443409	0	0	0	
0	-42.49	-0.0600014	0	-0.815629	0	0	0	
0	-41.949	-0.0300007	0	0.373796	0	0	0	
0.036	-41.402	-0.0400009	0	0.421364	0	0	0	
0.036	-40.862	-0.0500011	0	-0.826138	0	0	0	
0.036	-40.329	-0.0800018	0	0.363485	0	0	0	
0.072	-39.798	-0.0600014	0	0.358034	0	0	0	
0.072	-39.257	-0.0400009	0	-0.920258	0	0	0	
0.072	-38.719	-0.0800018	0	0.333483	0	0	0	
0.108	-38.19	-0.0500011	0	0.343254	0	0	0	
0.108	-37.656	-0.0400009	0	-0.961468	0	0	0	
0.108	-37.117	-0.0700016	0	0.273154	0	0	0	
0.108	-36.592	-0.0600014	0	0.313135	0	0	0	
0.144	-36.068	-0.0700016	0	0.280936	0	0	0	
0.144	-35.546	-0.0600014	0	-0.993849	0	0	0	
0.144	-35.024	-0.0800018	0	0.213942	0	0	0	
0.144	-34.504	-0.0600014	0	0.234412	0	0	0	
0.144	-33.977	-0.0500011	0	0.247232	0	0	0	
0.18	-33.451	-0.0700016	0	0.294261	0	0	0	
0.18	-32.936	-0.110003	0	-0.980444	0	0	0	
0.18	-32.425	-0.110003	0	0.193155	0	0	0	
0.18	-31.905	-0.0700016	0	0.198105	0	0	0	
0.18	-31.375	-0.0500011	0	0.252404	0	0	0	
0.216	-30.847	-0.0700016	0	0.310832	0	0	0	
0.216	-30.332	-0.100002	0	-0.967568	0	0	0	
0.216	-29.813	-0.100002	0	0.198514	0	0	0	
0.216	-29.279	-0.0600014	0	0.233911	0	0	0	
0.216	-28.744	-0.0400009	0	0.311349	0	0	0	
0.216	-28.217	-0.0800018	0	0.336074	0	0	0	
0.252	-27.699	-0.0800018	0	0.326588	0	0	0	
0.252	-27.177	-0.130003	0	-0.978573	0	0	0	
0.252	-26.653	-0.150003	0	0.251814	0	0	0	
0.252	-26.127	-0.130003	0	0.27989	0	0	0	
0.252	-25.601	-0.130003	0	0.308035	0	0	0	
0.252	-25.08	-0.200005	0	0.328635	0	0	0	
0.288	-24.575	-0.210005	0	0.330214	0	0	0	
0.288	-24.056	-0.160004	0	-1.00182	0	0	0	
0.288	-23.522	-0.170004	0	0.266121	0	0	0	
0.288	-22.975	-0.170004	0	0.343558	0	0	0	
0.324	-22.428	-0.160004	0	0.413969	0	0	0	
0.324	-21.888	-0.190004	0	-0.856159	0	0	0	
0.324	-21.351	-0.210005	0	0.33351	0	0	0	
0.324	-20.807	-0.160004	0	0.343242	0	0	0	
0.36	-20.254	-0.150003	0	0.390927	0	0	0	
0.36	-19.702	-0.190004	0	-0.845059	0	0	0	
0.36	-19.15	-0.220005	0	0.367688	0	0	0	
0.396	-18.597	-0.160004	0	0.389316	0	0	0	
0.396	-18.035	-0.160004	0	-0.8768	0	0	0	
0.396	-17.476	-0.200005	0	0.373991	0	0	0	
0.432	-16.924	-0.190004	0	0.384593	0	0	0	
0.432	-16.37	-0.160004	0	-0.911706	0	0	0	
0.432	-15.816	-0.200005	0	0.312419	0	0	0	
0.432	-15.258	-0.170004	0	0.334125	0	0	0	
0.468	-14.697	-0.160004	0	0.371051	0	0	0	
0.468	-14.143	-0.170004	0	-0.887217	0	0	0	
0.468	-13.59	-0.200005	0	0.302992	0	0	0	
0.504	-13.03	-0.170004	0	0.320887	0	0	0	
0.504	-12.472	-0.180004	0	-0.922342	0	0	0	
0.504	-11.923	-0.210005	0	0.286853	0	0	0	
0.504	-11.373	-0.180004	0	0.274461	0	0	0	
0.54	-10.819	-0.200005	0	0.299774	0	0	0	
0.54	-10.274	-0.210005	0	-0.954999	0	0	0	
0.576	-9.729	-0.200005	0	0.227325	0	0	0	
0.576	-9.172	-0.150003	0	-1.04288	0	0	0	
0.576	-8.614	-0.170004	0	0.219029	0	0	0	
0.576	-8.066	-0.140003	0	0.24466	0	0	0	
0.576	-7.527	-0.170004	0	0.228458	0	0	0	
0.612	-7.003	-0.220005	0	0.215668	0	0	0	
0.612	-6.491	-0.210005	0	-1.11186	0	0	0	
0.612	-5.971	-0.210005	0	0.0578668	0	0	0	
0.612	-5.439	-0.150003	0	0.108376	0	0	0	
0.612	-4.902	-0.150003	0	0.174433	0	0	0	
0.648	-4.379	-0.190004	0	0.214306	0	0	0	
0.648	-3.865	-0.210005	0	-1.1095	0	0	0	
0.648	-3.349	-0.240005	0	0.071613	0	0	0	
0.648	-2.839	-0.210005	0	0.0993642	0	0	0	
0.648	-2.332	-0.200005	0	0.0967411	0	0	0	
0.648	-1.83	-0.200005	0	0.105307	0	0	0	
0.648	-1.333	-0.220005	0	0.106138	0	0	0	
0.684	-0.837	-0.230005	0	0.106774	0	0	0	
0.684	-0.336	-0.230005	0	-1.16911	0	0	0	
0.684	0.168	-0.200005	0	0.0642285	0	0	0	
0.684	0.685	-0.160004	0	0.0952785	0	0	0	
0.72	1.197	-0.180004	0	0.16451	0	0	0	
0.72	1.695	-0.210005	0	-1.12582	0	0	0	
0.72	2.179	-0.210005	0	0.0358256	0	0	0	
0.72	2.664	-0.190004	0	0.00204706	0	0	0	
0.72	3.149	-0.200005	0	0.0248173	0	0	0	
0.72	3.619	-0.230005	0	0.0438186	0	0	0	
0.72	4.076	-0.210005	0	0.00572586	0	0	0	
0.72	4.538	-0.230005	0	-0.0253438	0	0	0	
0.72	5.003	-0.230005	0	0.0115931	0	0	0	
0.72	5.467	-0.220005	0	0.0411162	0	0	0	
0.72	5.935	-0.210005	0	0.0555284	0	0	0	
0.72	6.406	-0.220005	0	0.0889348	0	0	0	
0.756	6.879	-0.230005	0	0.118688	0	0	0	
0.756	7.347	-0.230005	0	-1.14679	0	0	0	
0.756	7.818	-0.220005	0	0.0475779	0	0	0	
0.756	8.294	-0.160004	0	0.0773361	0	0	0	
0.756	8.776	-0.150003	0	0.114826	0	0	0	
0.756	9.238	-0.230005	0	0.15631	0	0	0	
0.756	9.687	-0.220005	0	0.0990686	0	0	0	
0.792	10.14	-0.200005	0	0.0676844	0	0	0	
0.792	10.604	-0.180004	0	-1.19105	0	0	0	
0.792	11.073	-0.200005	0	0.0634432	0	0	0	
0.792	11.539	-0.130003	0	0.100663	0	0	0	
0.792	12.009	-0.110003	0	0.107614	0	0	0	
0.792	12.468	-0.140003	0	0.141096	0	0	0	
0.828	12.914	-0.180004	0	0.117642	0	0	0	
0.828	13.353	-0.160004	0	-1.20541	0	0	0	
0.828	13.799	-0.170004	0	-0.0197065	0	0	0	
0.828	14.252	-0.0900021	0	0.0241394	0	0	0	
0.828	14.713	-0.0800018	0	0.0682595	0	0	0	
0.828	15.158	-0.110003	0	0.116461	0	0	0	
0.864	15.583	-0.150003	0	0.0736187	0	0	0	
0.864	16.003	-0.140003	0	-1.27662	0	0	0	
0.864	16.422	-0.160004	0	-0.084137	0	0	0	
0.864	16.844	-0.120003	0	-0.0714879	0	0	0	
0.864	17.261	-0.110003	0	-0.0436497	0	0	0	
0.864	17.665	-0.140003	0	-0.0461416	0	0	0	
0.864	18.055	-0.140003	0	-0.0792913	0	0	0	
0.864	18.438	-0.130003	0	-0.116757	0	0	0	
0.864	18.828	-0.150003	0	-0.128118	0	0	0	
0.864	19.211	-0.160004	0	-0.0864658	0	0	0	
0.864	19.591	-0.140003	0	-0.0978351	0	0	0	
0.864	19.976	-0.150003	0	-0.0942454	0	0	0	
0.864	20.355	-0.150003	0	-0.0603166	0	0	0	
0.864	20.735	-0.130003	0	-0.068079	0	0	0	
0.864	21.109	-0.140003	0	-0.0494268	0	0	0	
0.864	21.484	-0.150003	0	-0.0573716	0	0	0	
0.864	21.855	-0.150003	0	-0.0389061	0	0	0	
0.864	22.224	-0.140003	0	-0.0394509	0	0	0	
0.864	22.598	-0.120003	0	-0.0325198	0	0	0	
0.864	22.972	-0.130003	0	0.000969172	0	0	0	
0.864	23.338	-0.150003	0	0.0156229	0	0	0	
0.864	23.704	-0.140003	0	-0.000171185	0	0	0	
0.864	24.071	-0.140003	0	0.0141599	0	0	0	
0.864	24.437	-0.150003	0	0.0323119	0	0	0	
0.864	24.803	-0.150003	0	0.0428798	0	0	0	
0.864	25.165	-0.150003	0	0.0572381	0	0	0	
0.864	25.531	-0.160004	0	0.0563321	0	0	0	
0.864	25.896	-0.140003	0	0.085753	0	0	0	
0.9	26.265	-0.150003	0	0.0962818	0	0	0	
0.9	26.642	-0.140003	0	-1.16574	0	0	0	
0.9	27.019	-0.130003	0	0.074039	0	0	0	
0.9	27.394	-0.110003	0	0.0888104	0	0	0	
0.9	27.768	-0.110003	0	0.0959673	0	0	0	
0.9	28.132	-0.140003	0	0.106867	0	0	0	
0.936	28.486	-0.170004	0	0.0834403	0	0	0	
0.936	28.842	-0.140003	0	-1.2319	0	0	0	
0.936	29.203	-0.140003	0	-0.015563	0	0	0	
0.936	29.56	-0.100002	0	0.0174346	0	0	0	
0.936	29.918	-0.210005	0	0.0163507	0	0	0	
0.972	30.264	-0.100002	0	0.0341411	0	0	0	
0.972	30.621	-0.170004	0	-1.28906	0	0	0	
0.972	30.97	-0.180004	0	-0.0387566	0	0	0	
0.972	31.322	-0.0600014	0	-0.0552261	0	0	0	
0.972	31.676	-0.160004	0	-0.0301349	0	0	0	
1.008	32.013	-0.180004	0	-0.00872898	0	0	0	
1.008	32.347	-0.160004	0	-1.3511	0	0	0	
1.008	32.69	-0.130003	0	-0.154466	0	0	0	
1.008	33.034	-0.110003	0	-0.107111	0	0	0	
1.008	33.367	-0.120003	0	-0.0898783	0	0	0	
1.008	33.686	-0.130003	0	-0.118265	0	0	0	
1.008	33.991	-0.150003	0	-0.158499	0	0	0	
1.008	34.28	-0.160004	0	-0.1993	0	0	0	
1.008	34.568	-0.160004	0	-0.248228	0	0	0	
1.008	34.854	-0.170004	0	-0.240761	0	0	0	
1.008	35.132	-0.170004	0	-0.237055	0	0	0	
1.008	35.408	-0.150003	0	-0.256307	0	0	0	
1.008	35.68	-0.140003	0	-0.253037	0	0	0	
1.008	35.95	-0.150003	0	-0.257434	0	0	0	
1.008	36.207	-0.150003	0	-0.254409	0	0	0	
1.008	36.465	-0.150003	0	-0.2933	0	0	0	
1.008	36.713	-0.140003	0	-0.279428	0	0	0	
1.008	36.953	-0.150003	0	-0.307372	0	0	0	
1.008	37.178	-0.140003	0	-0.328112	0	0	0	
1.008	37.4	-0.150003	0	-0.375829	0	0	0	
1.008	37.612	-0.140003	0	-0.378412	0	0	0	
0.972	37.818	-0.130003	0	-0.407768	0	0	0	
0.972	38.015	-0.130003	0	0.869216	0	0	0	
0.972	38.199	-0.130003	0	-0.351823	0	0	0	
0.936	38.376	-0.170004	0	-0.393593	0	0	0	
0.936	38.544	-0.240005	0	0.878523	0	0	0	
0.936	38.727	-0.0800018	0	-0.343666	0	0	0	
0.936	38.933	-0.130003	0	-0.27999	0	0	0	
0.936	39.117	-0.190004	0	-0.185269	0	0	0	
0.936	39.293	-0.160004	0	-0.260964	0	0	0	
0.936	39.478	-0.120003	0	-0.284167	0	0	0	
0.9	39.659	-0.140003	0	-0.243038	0	0	0	
0.9	39.83	-0.140003	0	1.04053	0	0	0	
0.9	39.992	-0.160004	0	-0.185301	0	0	0	
0.9	40.145	-0.200005	0	-0.21287	0	0	0	
0.9	40.295	-0.200005	0	-0.240773	0	0	0	
0.9	40.458	-0.170004	0	-0.246186	0	0	0	
0.9	40.63	-0.140003	0	-0.190848	0	0	0	
0.9	40.804	-0.130003	0	-0.150193	0	0	0	
0.9	40.971	-0.220005	0	-0.13583	0	0	0	
0.9	41.131	-0.100002	0	-0.155676	0	0	0	
0.9	41.307	-0.100002	0	-0.175778	0	0	0	
0.9	41.469	-0.130003	0	-0.108577	0	0	0	
0.864	41.606	-0.170004	0	-0.155008	0	0	0	
0.864	41.733	-0.160004	0	1.04776	0	0	0	
0.864	41.859	-0.150003	0	-0.179842	0	0	0	
0.864	41.983	-0.200005	0	-0.178641	0	0	0	
0.864	42.104	-0.220005	0	-0.181346	0	0	0	
0.864	42.241	-0.160004	0	-0.187886	0	0	0	
0.864	42.398	-0.120003	0	-0.122267	0	0	0	
0.864	42.557	-0.120003	0	-0.0407388	0	0	0	
0.864	42.708	-0.130003	0	-0.0269823	0	0	0	
0.864	42.847	-0.150003	0	-0.0512276	0	0	0	
0.864	42.976	-0.170004	0	-0.0909424	0	0	0	
0.864	43.096	-0.170004	0	-0.123613	0	0	0	
0.864	43.22	-0.170004	0	-0.152791	0	0	0	
0.9	43.35	-0.130003	0	-0.132879	0	0	0	
0.9	43.479	-0.140003	0	-1.3967	0	0	0	
0.9	43.598	-0.150003	0	-0.200547	0	0	0	
0.9	43.714	-0.0800018	0	-0.233591	0	0	0	
0.864	43.828	-0.0500011	0	-0.240327	0	0	0	
0.864	43.918	-0.0700016	0	1.04816	0	0	0	
0.864	43.973	-0.0900021	0	-0.233613	0	0	0	
0.828	43.997	-0.140003	0	-0.363296	0	0	0	
0.828	44.002	-0.170004	0	0.812395	0	0	0	
0.828	44.004	-0.290007	0	-0.45387	0	0	0	
0.828	44.018	-0.350008	0	-0.465073	0	0	0	
0.828	44.078	-0.170004	0	-0.419327	0	0	0	
0.828	44.196	-0.0500011	0	-0.243695	0	0	0	
0.828	44.322	-0.0200005	0	-0.02054	0	0	0	
0.828	44.414	-0.0700016	0	0.0145223	0	0	0	
0.828	44.463	-0.180004	0	-0.109974	0	0	0	
0.828	44.48	-0.240005	0	-0.270017	0	0	0	
0.828	44.502	-0.210005	0	-0.389908	0	0	0	
0.828	44.545	-0.160004	0	-0.370237	0	0	0	
0.828	44.601	-0.100002	0	-0.289439	0	0	0	
0.792	44.656	-0.0600014	0	-0.238239	0	0	0	
0.792	44.688	-0.0100002	0	1.05168	0	0	0	
0.792	44.688	0.0100002	0	-0.228583	0	0	0	
0.756	44.666	-0.140003	0	-0.349139	0	0	0	
0.756	44.628	-0.210005	0	0.858665	0	0	0	
0.756	44.621	-0.130003	0	-0.397967	0	0	0	
0.756	44.649	-0.160004	0	-0.281457	0	0	0	
0.756	44.676	-0.160004	0	-0.148505	0	0	0	
0.756	44.708	-0.120003	0	-0.151201	0	0	0	
0.756	44.74	-0.100002	0	-0.131139	0	0	0	
0.756	44.757	-0.0600014	0	-0.129867	0	0	0	
0.756	44.753	-0.0500011	0	-0.185716	0	0	0	
0.756	44.743	-0.170004	0	-0.264986	0	0	0	
0.756	44.738	-0.200005	0	-0.287977	0	0	0	
0.756	44.752	-0.110003	0	-0.269328	0	0	0	
0.756	44.777	-0.0700016	0	-0.197211	0	0	0	
0.756	44.785	-0.100002	0	-0.154807	0	0	0	
0.756	44.78	-0.0700016	0	-0.218517	0	0	0	
0.756	44.778	-0.0600014	0	-0.267683	0	0	0	
0.756	44.775	-0.0300007	0	-0.25648	0	0	0	
0.756	44.768	0	0	-0.260352	0	0	0	
0.756	44.753	0.0300007	0	-0.275716	0	0	0	
0.756	44.717	0.0200005	0	-0.306411	0	0	0	
0.756	44.654	0	0	-0.386935	0	0	0	
0.72	44.574	-0.0500011	0	-0.491151	0	0	0	
0.72	44.49	-0.0400009	0	0.733241	0	0	0	
0.72	44.409	0	0	-0.479994	0	0	0	
0.72	44.328	0	0	-0.471868	0	0	0	
0.684	44.241	-0.0200005	0	-0.475042	0	0	0	
0.684	44.149	0	0	0.790503	0	0	0	
0.684	44.058	0.0300007	0	-0.42682	0	0	0	
0.648	43.959	0	0	-0.426595	0	0	0	
0.648	43.839	-0.0500011	0	0.830914	0	0	0	
0.648	43.709	-0.0300007	0	-0.44779	0	0	0	
0.648	43.588	-0.0400009	0	-0.490518	0	0	0	
0.612	43.475	-0.0200005	0	-0.461379	0	0	0	
0.612	43.367	0	0	0.855907	0	0	0	
0.612	43.263	0.0400009	0	-0.32439	0	0	0	
0.612	43.152	0.0300007	0	-0.313393	0	0	0	
0.576	43.028	0	0	-0.344113	0	0	0	
0.576	42.897	0	0	0.893646	0	0	0	
0.576	42.766	0.0100002	0	-0.332767	0	0	0	
0.576	42.638	0.0100002	0	-0.3379	0	0	0	
0.576	42.507	0	0	-0.331598	0	0	0	
0.54	42.379	0	0	-0.348048	0	0	0	
0.54	42.252	0.0300007	0	0.949791	0	0	0	
0.54	42.125	0.0400009	0	-0.246271	0	0	0	
0.504	41.988	0.0300007	0	-0.251265	0	0	0	
0.504	41.838	-0.0300007	0	0.997248	0	0	0	
0.504	41.684	0	0	-0.25249	0	0	0	
0.504	41.541	0	0	-0.273559	0	0	0	
0.504	41.405	-0.0400009	0	-0.237755	0	0	0	
0.504	41.276	0	0	-0.216695	0	0	0	
0.504	41.16	0.0400009	0	-0.195396	0	0	0	
0.504	41.048	0.0700016	0	-0.150935	0	0	0	
0.504	40.927	0.0500011	0	-0.140288	0	0	0	
0.468	40.787	0.0400009	0	-0.178909	0	0	0	
0.468	40.633	0	0	1.03557	0	0	0	
0.468	40.473	0.0100002	0	-0.218078	0	0	0	
0.468	40.31	-0.0100002	0	-0.246946	0	0	0	
0.468	40.147	-0.0300007	0	-0.264668	0	0	0	
0.468	40	0	0	-0.271001	0	0	0	
0.468	39.868	0.0500011	0	-0.216527	0	0	0	
0.468	39.738	0.0700016	0	-0.165184	0	0	0	
0.468	39.595	0.0700016	0	-0.162724	0	0	0	
0.432	39.44	0.0300007	0	-0.217315	0	0	0	
0.432	39.27	0.0200005	0	1.02298	0	0	0	
0.432	39.092	0.0200005	0	-0.2351	0	0	0	
0.432	38.912	0	0	-0.272191	0	0	0	
0.432	38.729	-0.0200005	0	-0.28678	0	0	0	
0.432	38.556	0.0100002	0	-0.305276	0	0	0	
0.432	38.403	0.0700016	0	-0.274339	0	0	0	
0.432	38.253	0.0600014	0	-0.205011	0	0	0	
0.432	38.09	0.0700016	0	-0.199588	0	0	0	
0.396	37.912	0.0600014	0	-0.254954	0	0	0	
0.396	37.715	0.0300007	0	0.973127	0	0	0	
0.396	37.51	0.0200005	0	-0.301052	0	0	0	
0.396	37.3	0.0100002	0	-0.339218	0	0	0	
0.36	37.087	-0.0100002	0	-0.366282	0	0	0	
0.36	36.883	0	0	0.905616	0	0	0	
0.36	36.691	0.0600014	0	-0.263343	0	0	0	
0.36	36.503	0.0400009	0	-0.22566	0	0	0	
0.36	36.306	0.0100002	0	-0.217954	0	0	0	
0.36	36.106	0.0300007	0	-0.259571	0	0	0	
0.36	35.92	0.0400009	0	-0.278715	0	0	0	
0.36	35.729	0.0600014	0	-0.233261	0	0	0	
0.324	35.528	0.0700016	0	-0.259589	0	0	0	
0.324	35.319	0.0700016	0	0.986408	0	0	0	
0.324	35.098	0.0600014	0	-0.24678	0	0	0	
0.324	34.87	0.0100002	0	-0.300627	0	0	0	
0.324	34.63	-0.0200005	0	-0.33594	0	0	0	
0.288	34.403	0	0	-0.390568	0	0	0	
0.288	34.188	0.0400009	0	0.94105	0	0	0	
0.288	33.979	0.0800018	0	-0.217005	0	0	0	
0.288	33.761	0.0400009	0	-0.202604	0	0	0	
0.288	33.528	0	0	-0.245053	0	0	0	
0.288	33.297	0.0100002	0	-0.310706	0	0	0	
0.288	33.07	0.0400009	0	-0.312193	0	0	0	
0.252	32.851	0.0600014	0	-0.306034	0	0	0	
0.252	32.626	0.0800018	0	1.00708	0	0	0	
0.252	32.393	0.0700016	0	-0.219207	0	0	0	
0.252	32.148	0.0400009	0	-0.25848	0	0	0	
0.216	31.895	0.0100002	0	-0.313294	0	0	0	
0.216	31.64	0.0200005	0	0.938209	0	0	0	
0.216	31.4	0.0500011	0	-0.274182	0	0	0	
0.216	31.163	0.0400009	0	-0.227088	0	0	0	
0.216	30.927	0.0400009	0	-0.225066	0	0	0	
0.216	30.688	0.0500011	0	-0.23054	0	0	0	
0.216	30.457	0.0600014	0	-0.251222	0	0	0	
0.18	30.225	0.0600014	0	-0.23012	0	0	0	
0.18	29.985	0.0700016	0	1.04857	0	0	0	
0.18	29.736	0.0800018	0	-0.185851	0	0	0	
0.18	29.476	0.0200005	0	-0.229497	0	0	0	
0.18	29.207	0	0	-0.281136	0	0	0	
0.144	28.945	0.0300007	0	-0.325582	0	0	0	
0.144	28.687	0.0400009	0	0.982074	0	0	0	
0.144	28.432	0.0600014	0	-0.207826	0	0	0	
0.144	28.18	0.0400009	0	-0.206536	0	0	0	
0.144	27.93	0.0200005	0	-0.205093	0	0	0	
0.144	27.681	0.0500011	0	-0.207361	0	0	0	
0.144	27.443	0.0700016	0	-0.213345	0	0	0	
0.144	27.205	0.0900021	0	-0.181227	0	0	0	
0.108	26.962	0.0800018	0	-0.190561	0	0	0	
0.108	26.711	0.0900021	0	1.07264	0	0	0	
0.108	26.451	0.0800018	0	-0.162217	0	0	0	
0.108	26.181	0.0300007	0	-0.206293	0	0	0	
0.108	25.908	0	0	-0.254551	0	0	0	
0.072	25.641	0.0400009	0	-0.276556	0	0	0	
0.072	25.389	0.0800018	0	1.02714	0	0	0	
0.072	25.137	0.0900021	0	-0.121091	0	0	0	
0.072	24.885	0.0400009	0	-0.130973	0	0	0	
0.072	24.623	0.0200005	0	-0.140847	0	0	0	
0.072	24.369	0.0500011	0	-0.188774	0	0	0	
0.072	24.122	0.0600014	0	-0.168591	0	0	0	
0.072	23.881	0.0800018	0	-0.151898	0	0	0	
0.072	23.633	0.0800018	0	-0.138751	0	0	0	
0.072	23.385	0.0900021	0	-0.174821	0	0	0	
0.036	23.13	0.0900021	0	-0.184556	0	0	0	
0.036	22.872	0.0800018	0	1.07065	0	0	0	
0.036	22.604	0.100002	0	-0.145639	0	0	0	
0.036	22.334	0.0500011	0	-0.19381	0	0	0	
0.036	22.057	0.0300007	0	-0.211934	0	0	0	
0.036	21.79	0.0400009	0	-0.249149	0	0	0	
0.036	21.531	0.0800018	0	-0.22194	0	0	0	
0	21.276	0.0900021	0	-0.201953	0	0	0	
0	21.018	0.0900021	0	1.09469	0	0	0	
0	20.754	0.0800018	0	-0.121602	0	0	0	
0	20.477	0.0400009	0	-0.154554	0	0	0	
0	20.194	0.0100002	0	-0.214377	0	0	0	
0	19.921	0.0300007	0	-0.248073	0	0	0	
0	19.661	0.0700016	0	-0.22109	0	0	0	
0	19.41	0.0900021	0	-0.182307	0	0	0	
-0.036	19.155	0.0900021	0	-0.15823	0	0	0	
-0.036	18.891	0.0900021	0	1.10825	0	0	0	
-0.036	18.609	0.0900021	0	-0.13087	0	0	0	
-0.036	18.327	0.0300007	0	-0.209724	0	0	0	
-0.036	18.041	0.0200005	0	-0.220769	0	0	0	
-0.072	17.765	0.0400009	0	-0.24706	0	0	0	
-0.072	17.5	0.0800018	0	1.07136	0	0	0	
-0.072	17.24	0.0900021	0	-0.0924654	0	0	0	
-0.072	16.977	0.0400009	0	-0.0837993	0	0	0	
-0.072	16.704	0.0100002	0	-0.105412	0	0	0	
-0.072	16.434	0.0400009	0	-0.153793	0	0	0	
-0.072	16.177	0.0500011	0	-0.153059	0	0	0	
-0.072	15.931	0.0800018	0	-0.114154	0	0	0	
-0.072	15.681	0.170004	0	-0.0823543	0	0	0	
-0.072	15.426	0.0700016	0	-0.107212	0	0	0	
-0.108	15.149	0.0500011	0	-0.136048	0	0	0	
-0.108	14.874	0.0800018	0	1.06177	0	0	0	
-0.108	14.602	0.0900021	0	-0.136347	0	0	0	
-0.108	14.338	0.0600014	0	-0.135696	0	0	0	
-0.108	14.076	0.0500011	0	-0.115901	0	0	0	
-0.108	13.827	0.100002	0	-0.118635	0	0	0	
-0.108	13.59	0.140003	0	-0.079408	0	0	0	
-0.108	13.365	0.160004	0	-0.043492	0	0	0	
-0.108	13.132	0.160004	0	-0.00710145	0	0	0	
-0.108	12.894	0.160004	0	-0.0463698	0	0	0	
-0.108	12.648	0.170004	0	-0.0745257	0	0	0	
-0.108	12.404	0.160004	0	-0.114312	0	0	0	
-0.108	12.159	0.190004	0	-0.116332	0	0	0	
-0.108	11.915	0.190004	0	-0.129699	0	0	0	
-0.108	11.662	0.180004	0	-0.135492	0	0	0	
-0.108	11.41	0.180004	0	-0.179312	0	0	0	
-0.108	11.15	0.220005	0	-0.185413	0	0	0	
-0.108	10.891	0.200005	0	-0.225744	0	0	0	
-0.144	10.621	0.210005	0	-0.232123	0	0	0	
-0.144	10.347	0.210005	0	1.00741	0	0	0	
-0.144	10.067	0.240005	0	-0.21327	0	0	0	
-0.144	9.785	0.190004	0	-0.246844	0	0	0	
-0.18	9.491	0.150003	0	-0.265424	0	0	0	
-0.18	9.202	0.180004	0	0.969392	0	0	0	
-0.18	8.921	0.190004	0	-0.217962	0	0	0	
-0.216	8.63	0.130003	0	-0.198833	0	0	0	
-0.216	8.337	0.130003	0	1.04364	0	0	0	
-0.216	8.052	0.180004	0	-0.170245	0	0	0	
-0.216	7.785	0.150003	0	-0.151275	0	0	0	
-0.216	7.515	0.150003	0	-0.0939242	0	0	0	
-0.216	7.257	0.180004	0	-0.115805	0	0	0	
-0.216	7.013	0.220005	0	-0.0807049	0	0	0	
-0.216	6.769	0.180004	0	-0.0375229	0	0	0	
-0.216	6.519	0.210005	0	-0.047083	0	0	0	
-0.252	6.267	0.300007	0	-0.0794816	0	0	0	
-0.252	6.008	0.160004	0	1.19466	0	0	0	
-0.252	5.726	0.170004	0	-0.0367318	0	0	0	
-0.252	5.45	0.160004	0	-0.134428	0	0	0	
-0.252	5.188	0.140003	0	-0.122639	0	0	0	
-0.252	4.943	0.180004	0	-0.0801643	0	0	0	
-0.252	4.712	0.220005	0	-0.0257153	0	0	0	
-0.252	4.486	0.210005	0	0.0179738	0	0	0	
-0.252	4.255	0.230005	0	0.0279552	0	0	0	
-0.252	4.02	0.230005	0	6.91414e-05	0	0	0	
-0.288	3.781	0.180004	0	-0.024208	0	0	0	
-0.288	3.534	0.200005	0	1.24291	0	0	0	
-0.288	3.291	0.200005	0	0.00822085	0	0	0	
-0.288	3.046	0.160004	0	0.0137683	0	0	0	
-0.288	2.807	0.120003	0	-0.00336587	0	0	0	
-0.288	2.58	0.160004	0	0.00987411	0	0	0	
-0.288	2.379	0.210005	0	0.0461886	0	0	0	
-0.288	2.184	0.210005	0	0.136262	0	0	0	
-0.288	1.988	0.200005	0	0.151226	0	0	0	
-0.288	1.786	0.180004	0	0.13978	0	0	0	
-0.288	1.583	0.170004	0	0.109261	0	0	0	
-0.252	1.38	0.160004	0	0.0975393	0	0	0	
-0.252	1.177	0.150003	0	-1.20197	0	0	0	
-0.252	0.982	0.150003	0	-0.0150461	0	0	0	
-0.252	0.793	0.240005	0	0.00745231	0	0	0	
-0.252	0.607	0.250006	0	0.0226505	0	0	0	
-0.252	0.408	0.210005	0	0.026665	0	0	0	
-0.252	0.188	0.180004	0	-0.0301073	0	0	0	
-0.288	-0.037	0.170004	0	-0.117841	0	0	0	
-0.288	-0.259	0.180004	0	1.14606	0	0	0	
-0.288	-0.482	0.180004	0	-0.0462111	0	0	0	
-0.288	-0.703	0.130003	0	-0.0587157	0	0	0	
-0.288	-0.927	0.130003	0	-0.0598401	0	0	0	
-0.288	-1.131	0.150003	0	-0.0799186	0	0	0	
-0.288	-1.322	0.190004	0	-0.0125656	0	0	0	
-0.288	-1.505	0.200005	0	0.0289268	0	0	0	
-0.288	-1.692	0.190004	0	0.0518943	0	0	0	
-0.288	-1.886	0.180004	0	0.029499	0	0	0	
-0.288	-2.079	0.170004	0	-0.0044744	0	0	0	
-0.288	-2.275	0.160004	0	-0.00826788	0	0	0	
-0.288	-2.472	0.180004	0	-0.0272501	0	0	0	
-0.288	-2.661	0.180004	0	-0.0387362	0	0	0	
-0.288	-2.853	0.180004	0	-0.0160029	0	0	0	
-0.288	-3.043	0.170004	0	-0.0348273	0	0	0	
-0.288	-3.238	0.170004	0	-0.0347381	0	0	0	
-0.288	-3.439	0.160004	0	-0.0612136	0	0	0	
-0.288	-3.636	0.170004	0	-0.0916933	0	0	0	
-0.288	-3.833	0.170004	0	-0.0843436	0	0	0	
-0.324	-4.029	0.180004	0	-0.0920612	0	0	0	
-0.324	-4.227	0.170004	0	1.19558	0	0	0	
-0.324	-4.428	0.190004	0	-0.014586	0	0	0	
-0.324	-4.626	0.140003	0	-0.0337651	0	0	0	
-0.324	-4.825	0.110003	0	-0.0302237	0	0	0	
-0.324	-5.009	0.160004	0	-0.0417854	0	0	0	
-0.324	-5.174	0.180004	0	0.00751436	0	0	0	
-0.324	-5.336	0.180004	0	0.0726315	0	0	0	
-0.324	-5.501	0.170004	0	0.0775834	0	0	0	
-0.324	-5.671	0.160004	0	0.0598147	0	0	0	
-0.324	-5.845	0.160004	0	0.034321	0	0	0	
-0.324	-6.017	0.140003	0	0.0124316	0	0	0	
-0.324	-6.188	0.160004	0	0.0132283	0	0	0	
-0.324	-6.357	0.160004	0	0.0102963	0	0	0	
-0.324	-6.521	0.160004	0	0.0112083	0	0	0	
-0.324	-6.684	0.160004	0	0.0236201	0	0	0	
-0.324	-6.849	0.160004	0	0.0209992	0	0	0	
-0.324	-7.012	0.160004	0	0.00700068	0	0	0	
-0.324	-7.175	0.160004	0	0.00814784	0	0	0	
-0.324	-7.34	0.160004	0	0.00176358	0	0	0	
-0.324	-7.498	0.160004	0	-0.0122373	0	0	0	
-0.324	-7.662	0.140003	0	0.00794321	0	0	0	
-0.324	-7.826	0.260006	0	-0.0210879	0	0	0	
-0.324	-7.994	0.140003	0	-0.0275114	0	0	0	
-0.324	-8.177	0.100002	0	-0.0491656	0	0	0	
-0.324	-8.363	0.130003	0	-0.112841	0	0	0	
-0.324	-8.527	0.140003	0	-0.131438	0	0	0	
-0.36	-8.688	0.170004	0	-0.0549752	0	0	0	
-0.36	-8.845	0.160004	0	1.24156	0	0	0	
-0.36	-9.007	0.160004	0	0.0556147	0	0	0	
-0.36	-9.172	0.120003	0	0.0304276	0	0	0	
-0.36	-9.342	0.0800018	0	0.0126588	0	0	0	
-0.36	-9.491	0.130003	0	-0.0128372	0	0	0	
-0.324	-9.616	0.170004	0	0.0604426	0	0	0	
-0.324	-9.726	0.240005	0	-1.1456	0	0	0	
-0.324	-9.834	0.180004	0	0.101477	0	0	0	
-0.324	-9.967	0.180004	0	0.104782	0	0	0	
-0.36	-10.112	0.190004	0	0.00538999	0	0	0	
-0.36	-10.264	0.170004	0	1.24605	0	0	0	
-0.36	-10.428	0.160004	0	0.018845	0	0	0	
-0.36	-10.591	0.110003	0	-0.0327781	0	0	0	
-0.36	-10.748	0.110003	0	-0.0354057	0	0	0	
-0.36	-10.882	0.150003	0	-0.0189494	0	0	0	
-0.36	-10.99	0.180004	0	0.0624496	0	0	0	
-0.36	-11.092	0.180004	0	0.156167	0	0	0	
-0.36	-11.208	0.160004	0	0.174773	0	0	0	
-0.36	-11.333	0.140003	0	0.117491	0	0	0	
-0.36	-11.454	0.150003	0	0.0786814	0	0	0	
-0.36	-11.565	0.150003	0	0.0890122	0	0	0	
-0.36	-11.672	0.210005	0	0.122334	0	0	0	
-0.36	-11.782	0.130003	0	0.133213	0	0	0	
-0.324	-11.904	0.120003	0	0.117599	0	0	0	
-0.324	-12.011	0.130003	0	-1.22394	0	0	0	
-0.324	-12.101	0.160004	0	0.0232522	0	0	0	
-0.324	-12.181	0.210005	0	0.0837719	0	0	0	
-0.324	-12.261	0.250006	0	0.118303	0	0	0	
-0.324	-12.363	0.170004	0	0.115178	0	0	0	
-0.36	-12.492	0.130003	0	0.0282911	0	0	0	
-0.36	-12.626	0.120003	0	1.21308	0	0	0	
-0.36	-12.757	0.230005	0	-0.00588244	0	0	0	
-0.36	-12.881	0.0800018	0	0.000284135	0	0	0	
-0.36	-13.015	0.0400009	0	0.0217968	0	0	0	
-0.36	-13.128	0.0600014	0	-0.0211239	0	0	0	
-0.324	-13.204	0.140003	0	0.0535575	0	0	0	
-0.324	-13.251	0.180004	0	-1.10158	0	0	0	
-0.324	-13.292	0.210005	0	0.200708	0	0	0	
-0.324	-13.344	0.250006	0	0.221701	0	0	0	
-0.324	-13.42	0.210005	0	0.178229	0	0	0	
-0.324	-13.526	0.120003	0	0.0848297	0	0	0	
-0.324	-13.646	0.0900021	0	-0.0323439	0	0	0	
-0.324	-13.756	0.130003	0	-0.0897834	0	0	0	
-0.324	-13.846	0.150003	0	-0.0564183	0	0	0	
-0.324	-13.921	0.180004	0	0.0153962	0	0	0	
-0.324	-13.99	0.290007	0	0.0689724	0	0	0	
-0.36	-14.066	0.170004	0	0.0888675	0	0	0	
-0.36	-14.174	0.100002	0	1.35107	0	0	0	
-0.36	-14.288	0.100002	0	0.0314136	0	0	0	
-0.36	-14.384	0.0900021	0	0.00433928	0	0	0	
-0.324	-14.455	0.0700016	0	0.0683964	0	0	0	
-0.324	-14.498	0.180004	0	-1.13176	0	0	0	
-0.324	-14.511	0.260006	0	0.166917	0	0	0	
-0.324	-14.531	0.270006	0	0.279428	0	0	0	
-0.324	-14.579	0.240005	0	0.252268	0	0	0	
-0.324	-14.659	0.130003	0	0.144912	0	0	0	
-0.324	-14.755	0.100002	0	0.0212125	0	0	0	
-0.324	-14.837	0.100002	0	-0.0428226	0	0	0	
-0.324	-14.89	0.140003	0	0.00671124	0	0	0	
-0.324	-14.915	0.260006	0	0.113887	0	0	0	
-0.324	-14.934	0.230005	0	0.218388	0	0	0	
-0.324	-14.982	0.160004	0	0.240251	0	0	0	
-0.324	-15.05	0.100002	0	0.129118	0	0	0	
-0.324	-15.114	0.0900021	0	0.0511035	0	0	0	
-0.324	-15.16	0.0800018	0	0.0636677	0	0	0	
-0.288	-15.182	0.180004	0	0.129675	0	0	0	
-0.288	-15.185	0.230005	0	-1.07232	0	0	0	
-0.288	-15.198	0.170004	0	0.194016	0	0	0	
-0.288	-15.23	0.210005	0	0.155827	0	0	0	
-0.324	-15.268	0.220005	0	0.0830005	0	0	0	
-0.324	-15.322	0.150003	0	1.35046	0	0	0	
-0.324	-15.388	0.110003	0	0.0931884	0	0	0	
-0.324	-15.444	0.0600014	0	0.0454006	0	0	0	
-0.288	-15.478	0.0600014	0	0.0808724	0	0	0	
-0.288	-15.482	0.100002	0	-1.12912	0	0	0	
-0.288	-15.482	0.110003	0	0.178607	0	0	0	
-0.288	-15.482	0.170004	0	0.193679	0	0	0	
-0.288	-15.483	0.180004	0	0.193679	0	0	0	
-0.288	-15.485	0.130003	0	0.189871	0	0	0	
-0.288	-15.486	0.0900021	0	0.186025	0	0	0	
-0.288	-15.486	0.0800018	0	0.189754	0	0	0	
-0.288	-15.486	0.0500011	0	0.193522	0	0	0	
-0.252	-15.486	0.0400009	0	0.193522	0	0	0	
-0.252	-15.486	0	0	-1.09803	0	0	0	
-0.252	-15.486	0.0100002	0	0.0968435	0	0	0	
-0.252	-15.486	0.0500011	0	0.0968435	0	0	0	
-0.252	-15.486	0.0800018	0	0.0968435	0	0	0	
-0.252	-15.486	0.0900021	0	0.0968435	0	0	0	
-0.252	-15.486	0.100002	0	0.0968435	0	0	0	
-0.252	-15.486	0.0800018	0	0.0968435	0	0	0	
-0.252	-15.486	0.0900021	0	0.0968435	0	0	0	
-0.252	-15.486	0.0800018	0	0.0968435	0	0	0	
-0.252	-15.486	0.0800018	0	0.0968435	0	0	0	
-0.252	-15.486	0.0600014	0	0.0968435	0	0	0	
-0.252	-15.486	0.0400009	0	0.0968435	0	0	0	
-0.252	-15.486	0.0100002	0	0.0968435	0	0	0	
-0.252	-15.486	0.0200005	0	0.0968435	0	0	0	
-0.252	-15.486	0	0	0.0968435	0	0	0	
-0.288	-15.486	-0.0200005	0	0.0968435	0	0	0	
-0.288	-15.485	-0.0200005	0	1.3884	0	0	0	
-0.288	-15.485	-0.0400009	0	0.197329	0	0	0	
-0.288	-15.485	-0.100002	0	0.193561	0	0	0	
-0.288	-15.484	-0.200005	0	0.193561	0	0	0	
-0.252	-15.47	-0.250006	0	0.197368	0	0	0	
-0.252	-15.418	-0.140003	0	-1.04466	0	0	0	
-0.252	-15.327	-0.0700016	0	0.295405	0	0	0	
-0.216	-15.226	-0.0400009	0	0.445902	0	0	0	
-0.216	-15.14	-0.0300007	0	-0.804025	0	0	0	
-0.216	-15.077	-0.110003	0	0.337716	0	0	0	
-0.216	-15.036	-0.120003	0	0.25353	0	0	0	
-0.216	-15.004	-0.150003	0	0.172256	0	0	0	
-0.216	-14.972	-0.230005	0	0.139602	0	0	0	
-0.216	-14.916	-0.140003	0	0.140856	0	0	0	
-0.18	-14.822	-0.0900021	0	0.233476	0	0	0	
-0.18	-14.713	-0.0800018	0	-0.911247	0	0	0	
-0.18	-14.612	-0.210005	0	0.344413	0	0	0	
-0.144	-14.519	-0.110003	0	0.318231	0	0	0	
-0.144	-14.412	-0.0400009	0	-0.999816	0	0	0	
-0.144	-14.307	-0.0800018	0	0.251992	0	0	0	
-0.144	-14.217	-0.0700016	0	0.24857	0	0	0	
-0.144	-14.142	-0.100002	0	0.195591	0	0	0	
-0.144	-14.082	-0.130003	0	0.142019	0	0	0	
-0.144	-14.034	-0.160004	0	0.0878551	0	0	0	
-0.144	-13.983	-0.200005	0	0.0445339	0	0	0	
-0.144	-13.913	-0.150003	0	0.0578315	0	0	0	
-0.108	-13.82	-0.150003	0	0.132147	0	0	0	
-0.108	-13.706	-0.0800018	0	-1.0691	0	0	0	
-0.108	-13.581	-0.0800018	0	0.209347	0	0	0	
-0.108	-13.473	-0.0800018	0	0.255683	0	0	0	
-0.108	-13.383	-0.100002	0	0.195872	0	0	0	
-0.108	-13.312	-0.120003	0	0.131589	0	0	0	
-0.108	-13.255	-0.190004	0	0.0627892	0	0	0	
-0.108	-13.196	-0.190004	0	0.0122758	0	0	0	
-0.108	-13.118	-0.140003	0	0.0221278	0	0	0	
-0.108	-13.021	-0.130003	0	0.0967659	0	0	0	
-0.108	-12.92	-0.130003	0	0.172139	0	0	0	
-0.108	-12.825	-0.150003	0	0.191169	0	0	0	
-0.072	-12.736	-0.160004	0	0.172288	0	0	0	
-0.072	-12.646	-0.180004	0	-1.13838	0	0	0	
-0.072	-12.548	-0.180004	0	0.0637875	0	0	0	
-0.072	-12.441	-0.110003	0	0.0977664	0	0	0	
-0.072	-12.325	-0.0700016	0	0.135857	0	0	0	
-0.072	-12.22	-0.100002	0	0.174318	0	0	0	
-0.072	-12.135	-0.150003	0	0.136984	0	0	0	
-0.072	-12.06	-0.200005	0	0.0649694	0	0	0	
-0.072	-11.983	-0.190004	0	0.0302375	0	0	0	
-0.072	-11.897	-0.180004	0	0.0407858	0	0	0	
-0.072	-11.801	-0.160004	0	0.078067	0	0	0	
-0.072	-11.693	-0.130003	0	0.11949	0	0	0	
-0.072	-11.578	-0.140003	0	0.168937	0	0	0	
-0.072	-11.467	-0.160004	0	0.199814	0	0	0	
-0.072	-11.358	-0.160004	0	0.189096	0	0	0	
-0.072	-11.244	-0.150003	0	0.18583	0	0	0	
-0.036	-11.123	-0.150003	0	0.209132	0	0	0	
-0.036	-10.999	-0.160004	0	-1.0513	0	0	0	
-0.036	-10.87	-0.160004	0	0.159728	0	0	0	
-0.036	-10.733	-0.100002	0	0.183613	0	0	0	
-0.036	-10.591	-0.0900021	0	0.219125	0	0	0	
-0.036	-10.461	-0.120003	0	0.243524	0	0	0	
-0.036	-10.347	-0.160004	0	0.203415	0	0	0	
-0.036	-10.233	-0.180004	0	0.147599	0	0	0	
-0.036	-10.11	-0.160004	0	0.152066	0	0	0	
0	-9.98	-0.180004	0	0.190788	0	0	0	
0	-9.843	-0.140003	0	-1.06929	0	0	0	
0	-9.695	-0.140003	0	0.157313	0	0	0	
0	-9.538	-0.110003	0	0.204559	0	0	0	
0	-9.382	-0.0900021	0	0.244616	0	0	0	
0	-9.238	-0.130003	0	0.24696	0	0	0	
0	-9.109	-0.160004	0	0.207389	0	0	0	
0	-8.988	-0.190004	0	0.15594	0	0	0	
0	-8.858	-0.180004	0	0.130537	0	0	0	
0.036	-8.711	-0.150003	0	0.169542	0	0	0	
0.036	-8.552	-0.160004	0	-1.05221	0	0	0	
0.036	-8.392	-0.160004	0	0.194101	0	0	0	
0.036	-8.225	-0.100002	0	0.204141	0	0	0	
0.036	-8.055	-0.110003	0	0.237055	0	0	0	
0.036	-7.904	-0.150003	0	0.255017	0	0	0	
0.036	-7.767	-0.190004	0	0.189354	0	0	0	
0.036	-7.631	-0.240005	0	0.141977	0	0	0	
0.072	-7.478	-0.160004	0	0.14354	0	0	0	
0.072	-7.3	-0.150003	0	-1.07797	0	0	0	
0.072	-7.12	-0.170004	0	0.218058	0	0	0	
0.072	-6.949	-0.130003	0	0.232646	0	0	0	
0.072	-6.776	-0.110003	0	0.205441	0	0	0	
0.072	-6.611	-0.150003	0	0.219751	0	0	0	
0.072	-6.458	-0.300007	0	0.196079	0	0	0	
0.108	-6.309	-0.180004	0	0.156867	0	0	0	
0.108	-6.128	-0.130003	0	-1.14392	0	0	0	
0.108	-5.939	-0.150003	0	0.178603	0	0	0	
0.108	-5.755	-0.100002	0	0.216148	0	0	0	
0.108	-5.57	-0.0900021	0	0.20452	0	0	0	
0.108	-5.399	-0.140003	0	0.215534	0	0	0	
0.108	-5.245	-0.180004	0	0.169492	0	0	0	
0.108	-5.095	-0.190004	0	0.111482	0	0	0	
0.144	-4.938	-0.200005	0	0.102292	0	0	0	
0.144	-4.769	-0.170004	0	-1.15674	0	0	0	
0.144	-4.587	-0.160004	0	0.0899648	0	0	0	
0.144	-4.401	-0.110003	0	0.146068	0	0	0	
0.144	-4.211	-0.0700016	0	0.168428	0	0	0	
0.144	-4.032	-0.260006	0	0.19094	0	0	0	
0.144	-3.874	-0.140003	0	0.156513	0	0	0	
0.144	-3.698	-0.140003	0	0.0835902	0	0	0	
0.144	-3.523	-0.160004	0	0.158298	0	0	0	
0.144	-3.36	-0.200005	0	0.161387	0	0	0	
0.18	-3.197	-0.190004	0	0.122567	0	0	0	
0.18	-3.031	-0.230005	0	-1.1626	0	0	0	
0.18	-2.862	-0.200005	0	0.0500807	0	0	0	
0.18	-2.682	-0.150003	0	0.0680028	0	0	0	
0.18	-2.496	-0.140003	0	0.116497	0	0	0	
0.18	-2.328	-0.160004	0	0.14639	0	0	0	
0.18	-2.173	-0.210005	0	0.0851587	0	0	0	
0.18	-2.021	-0.220005	0	0.0422569	0	0	0	
0.18	-1.868	-0.200005	0	0.0369109	0	0	0	
0.18	-1.705	-0.200005	0	0.046673	0	0	0	
0.18	-1.532	-0.170004	0	0.0907328	0	0	0	
0.18	-1.358	-0.200005	0	0.135184	0	0	0	
0.18	-1.181	-0.170004	0	0.145769	0	0	0	
0.18	-1.003	-0.200005	0	0.164005	0	0	0	
0.18	-0.825	-0.180004	0	0.174748	0	0	0	
0.18	-0.639	-0.190004	0	0.181722	0	0	0	
0.216	-0.448	-0.200005	0	0.219148	0	0	0	
0.216	-0.253	-0.170004	0	-1.04608	0	0	0	
0.216	-0.048	-0.210005	0	0.171499	0	0	0	
0.216	0.175	-0.0900021	0	0.217205	0	0	0	
0.216	0.411	-0.0900021	0	0.293754	0	0	0	
0.216	0.619	-0.150003	0	0.351976	0	0	0	
0.252	0.802	-0.200005	0	0.254641	0	0	0	
0.252	0.983	-0.220005	0	-1.12392	0	0	0	
0.252	1.173	-0.210005	0	0.0705065	0	0	0	
0.252	1.382	-0.150003	0	0.111858	0	0	0	
0.252	1.596	-0.130003	0	0.191625	0	0	0	
0.252	1.793	-0.190004	0	0.218847	0	0	0	
0.252	1.973	-0.220005	0	0.16252	0	0	0	
0.252	2.148	-0.220005	0	0.105529	0	0	0	
0.288	2.334	-0.210005	0	0.0935483	0	0	0	
0.288	2.533	-0.220005	0	-1.14927	0	0	0	
0.288	2.736	-0.210005	0	0.102371	0	0	0	
0.288	2.95	-0.160004	0	0.125393	0	0	0	
0.288	3.161	-0.120003	0	0.175219	0	0	0	
0.288	3.362	-0.180004	0	0.172185	0	0	0	
0.288	3.541	-0.220005	0	0.142388	0	0	0	
0.288	3.715	-0.210005	0	0.0665176	0	0	0	
0.288	3.903	-0.200005	0	0.0545011	0	0	0	
0.324	4.1	-0.190004	0	0.114608	0	0	0	
0.324	4.305	-0.290007	0	-1.13532	0	0	0	
0.324	4.517	-0.170004	0	0.0977245	0	0	0	
0.324	4.747	-0.110003	0	0.132404	0	0	0	
0.324	4.975	-0.140003	0	0.209227	0	0	0	
0.324	5.167	-0.200005	0	0.210624	0	0	0	
0.324	5.339	-0.230005	0	0.0825244	0	0	0	
0.324	5.514	-0.210005	0	0.0139171	0	0	0	
0.36	5.699	-0.170004	0	0.0320776	0	0	0	
0.36	5.896	-0.190004	0	-1.21455	0	0	0	
0.36	6.095	-0.190004	0	0.0332456	0	0	0	
0.36	6.296	-0.130003	0	0.0485762	0	0	0	
0.36	6.497	-0.120003	0	0.0639898	0	0	0	
0.36	6.675	-0.190004	0	0.0718607	0	0	0	
0.36	6.836	-0.200005	0	-0.00781202	0	0	0	
0.36	6.995	-0.210005	0	-0.0655454	0	0	0	
0.36	7.157	-0.190004	0	-0.0668515	0	0	0	
0.36	7.327	-0.190004	0	-0.0492026	0	0	0	
0.36	7.497	-0.180004	0	-0.012405	0	0	0	
0.36	7.667	-0.180004	0	-0.00574189	0	0	0	
0.36	7.839	-0.170004	0	0.000918925	0	0	0	
0.36	8.013	-0.180004	0	0.0151917	0	0	0	
0.36	8.179	-0.170004	0	0.0295429	0	0	0	
0.36	8.349	-0.180004	0	0.00591475	0	0	0	
0.36	8.516	-0.190004	0	0.0276337	0	0	0	
0.36	8.685	-0.170004	0	0.0228867	0	0	0	
0.36	8.855	-0.270006	0	0.0370352	0	0	0	
0.36	9.029	-0.150003	0	0.0474662	0	0	0	
0.36	9.22	-0.160004	0	0.069351	0	0	0	
0.36	9.401	-0.200005	0	0.140878	0	0	0	
0.36	9.569	-0.190004	0	0.110298	0	0	0	
0.36	9.738	-0.200005	0	0.0679079	0	0	0	
0.36	9.917	-0.180004	0	0.0782974	0	0	0	
0.36	10.096	-0.190004	0	0.122981	0	0	0	
0.36	10.283	-0.170004	0	0.129997	0	0	0	
0.36	10.484	-0.160004	0	0.167461	0	0	0	
0.36	10.682	-0.170004	0	0.228074	0	0	0	
0.396	10.884	-0.160004	0	0.224537	0	0	0	
0.396	11.085	-0.180004	0	-1.04403	0	0	0	
0.396	11.289	-0.190004	0	0.154948	0	0	0	
0.396	11.502	-0.130003	0	0.174245	0	0	0	
0.432	11.719	-0.110003	0	0.216493	0	0	0	
0.432	11.931	-0.130003	0	-1.05149	0	0	0	
0.432	12.121	-0.190004	0	0.132855	0	0	0	
0.432	12.309	-0.120003	0	0.057423	0	0	0	
0.432	12.508	-0.110003	0	0.0572532	0	0	0	
0.432	12.698	-0.120003	0	0.106489	0	0	0	
0.432	12.877	-0.150003	0	0.080026	0	0	0	
0.432	13.05	-0.160004	0	0.0456055	0	0	0	
0.432	13.227	-0.150003	0	0.0297717	0	0	0	
0.432	13.412	-0.130003	0	0.0517786	0	0	0	
0.468	13.6	-0.120003	0	0.0891706	0	0	0	
0.468	13.791	-0.130003	0	-1.18372	0	0	0	
0.468	13.986	-0.130003	0	0.0299406	0	0	0	
0.468	14.176	-0.0800018	0	0.0526572	0	0	0	
0.468	14.372	-0.0600014	0	0.041253	0	0	0	
0.468	14.552	-0.100002	0	0.0715492	0	0	0	
0.468	14.727	-0.0900021	0	0.0183191	0	0	0	
0.468	14.901	-0.0900021	0	0.00633609	0	0	0	
0.468	15.061	-0.120003	0	0.00939023	0	0	0	
0.468	15.217	-0.130003	0	-0.037083	0	0	0	
0.468	15.379	-0.120003	0	-0.0460426	0	0	0	
0.468	15.54	-0.100002	0	-0.017092	0	0	0	
0.468	15.703	-0.120003	0	-0.0145473	0	0	0	
0.468	15.867	-0.120003	0	-0.000624895	0	0	0	
0.468	16.026	-0.130003	0	0.00955975	0	0	0	
0.468	16.181	-0.120003	0	-0.00304115	0	0	0	
0.468	16.339	-0.120003	0	-0.0120308	0	0	0	
0.468	16.497	-0.140003	0	0.00545013	0	0	0	
0.468	16.652	-0.140003	0	0.0116498	0	0	0	
0.468	16.808	-0.140003	0	0.00641	0	0	0	
0.468	16.964	-0.130003	0	0.0162947	0	0	0	
0.468	17.119	-0.140003	0	0.0224116	0	0	0	
0.504	17.279	-0.130003	0	0.0247121	0	0	0	
0.504	17.443	-0.140003	0	-1.24173	0	0	0	
0.504	17.604	-0.140003	0	-0.0253689	0	0	0	
0.504	17.766	-0.0700016	0	-0.0303601	0	0	0	
0.504	17.929	-0.0700016	0	-0.0202403	0	0	0	
0.504	18.074	-0.0900021	0	-0.0100904	0	0	0	
0.468	18.201	-0.120003	0	-0.0722141	0	0	0	
0.468	18.32	-0.120003	0	1.15649	0	0	0	
0.468	18.439	-0.110003	0	-0.0638504	0	0	0	
0.468	18.559	-0.170004	0	-0.0591878	0	0	0	
0.468	18.681	-0.180004	0	-0.0507226	0	0	0	
0.468	18.82	-0.120003	0	-0.0384021	0	0	0	
0.468	18.982	-0.120003	0	0.0310812	0	0	0	
0.468	19.142	-0.110003	0	0.124073	0	0	0	
0.504	19.297	-0.130003	0	0.12282	0	0	0	
0.504	19.45	-0.150003	0	-1.1815	0	0	0	
0.504	19.599	-0.130003	0	0.0118339	0	0	0	
0.504	19.753	-0.0800018	0	0.00260007	0	0	0	
0.504	19.913	-0.0600014	0	0.0274737	0	0	0	
0.504	20.058	-0.0800018	0	0.0563414	0	0	0	
0.504	20.184	-0.120003	0	0.00552142	0	0	0	
0.504	20.301	-0.140003	0	-0.0611281	0	0	0	
0.504	20.422	-0.140003	0	-0.090451	0	0	0	
0.504	20.548	-0.130003	0	-0.0706294	0	0	0	
0.504	20.675	-0.130003	0	-0.0468752	0	0	0	
0.504	20.801	-0.120003	0	-0.0381178	0	0	0	
0.504	20.927	-0.110003	0	-0.0369444	0	0	0	
0.468	21.047	-0.130003	0	-0.0320256	0	0	0	
0.468	21.162	-0.130003	0	1.24164	0	0	0	
0.468	21.279	-0.130003	0	0.0324354	0	0	0	
0.468	21.399	-0.170004	0	0.0445465	0	0	0	
0.504	21.518	-0.200005	0	0.0605476	0	0	0	
0.504	21.653	-0.160004	0	-1.23009	0	0	0	
0.504	21.815	-0.120003	0	0.0303271	0	0	0	
0.504	21.988	-0.0800018	0	0.138404	0	0	0	
0.504	22.153	-0.0500011	0	0.186626	0	0	0	
0.504	22.305	-0.0800018	0	0.162947	0	0	0	
0.504	22.435	-0.140003	0	0.119915	0	0	0	
0.504	22.551	-0.170004	0	0.0421495	0	0	0	
0.54	22.671	-0.150003	0	-0.00605679	0	0	0	
0.54	22.806	-0.120003	0	-1.27783	0	0	0	
0.54	22.953	-0.120003	0	-0.0211755	0	0	0	
0.54	23.101	-0.0700016	0	0.0298085	0	0	0	
0.54	23.251	-0.0400009	0	0.0393618	0	0	0	
0.54	23.385	-0.0700016	0	0.0527838	0	0	0	
0.54	23.493	-0.120003	0	-0.00225294	0	0	0	
0.54	23.58	-0.160004	0	-0.095952	0	0	0	
0.54	23.668	-0.160004	0	-0.171675	0	0	0	
0.54	23.769	-0.140003	0	-0.164454	0	0	0	
0.54	23.88	-0.110003	0	-0.111527	0	0	0	
0.54	23.992	-0.100002	0	-0.0694985	0	0	0	
0.54	24.097	-0.120003	0	-0.0613468	0	0	0	
0.54	24.193	-0.120003	0	-0.0835949	0	0	0	
0.54	24.282	-0.130003	0	-0.113759	0	0	0	
0.54	24.37	-0.120003	0	-0.136624	0	0	0	
0.54	24.46	-0.170004	0	-0.136949	0	0	0	
0.54	24.556	-0.0900021	0	-0.125887	0	0	0	
0.54	24.668	-0.0500011	0	-0.0995266	0	0	0	
0.54	24.773	-0.0500011	0	-0.0348603	0	0	0	
0.54	24.86	-0.0800018	0	-0.0571175	0	0	0	
0.504	24.926	-0.180004	0	-0.121514	0	0	0	
0.504	24.988	-0.140003	0	1.0935	0	0	0	
0.504	25.064	-0.0900021	0	-0.114014	0	0	0	
0.504	25.138	-0.150003	0	-0.0582762	0	0	0	
0.504	25.204	-0.180004	0	-0.0629307	0	0	0	
0.504	25.283	-0.140003	0	-0.0904794	0	0	0	
0.504	25.383	-0.110003	0	-0.0384052	0	0	0	
0.504	25.489	-0.110003	0	0.0446353	0	0	0	
0.54	25.584	-0.120003	0	0.0713781	0	0	0	
0.54	25.673	-0.170004	0	-1.25788	0	0	0	
0.54	25.76	-0.150003	0	-0.0821325	0	0	0	
0.54	25.864	-0.0500011	0	-0.0862596	0	0	0	
0.54	25.974	0	0	-0.0181432	0	0	0	
0.54	26.056	-0.0800018	0	0.00878346	0	0	0	
0.504	26.111	-0.0800018	0	-0.0934882	0	0	0	
0.504	26.159	-0.110003	0	1.09849	0	0	0	
0.504	26.197	-0.120003	0	-0.120875	0	0	0	
0.504	26.227	-0.170004	0	-0.157048	0	0	0	
0.504	26.254	-0.240005	0	-0.186016	0	0	0	
0.504	26.298	-0.190004	0	-0.196257	0	0	0	
0.504	26.382	-0.0800018	0	-0.130501	0	0	0	
0.504	26.487	-0.0500011	0	0.0234993	0	0	0	
0.504	26.578	-0.0500011	0	0.106717	0	0	0	
0.504	26.643	-0.0700016	0	0.0575408	0	0	0	
0.504	26.688	-0.120003	0	-0.037861	0	0	0	
0.504	26.722	-0.180004	0	-0.111448	0	0	0	
0.504	26.762	-0.180004	0	-0.15155	0	0	0	
0.504	26.824	-0.130003	0	-0.127375	0	0	0	
0.504	26.906	-0.0700016	0	-0.0420775	0	0	0	
0.504	26.99	-0.0600014	0	0.0364943	0	0	0	
0.504	27.055	-0.0700016	0	0.0473124	0	0	0	
0.504	27.1	-0.0800018	0	-0.0217184	0	0	0	
0.504	27.129	-0.120003	0	-0.0953051	0	0	0	
0.504	27.149	-0.160004	0	-0.154438	0	0	0	
0.504	27.17	-0.230005	0	-0.18757	0	0	0	
0.504	27.204	-0.150003	0	-0.182975	0	0	0	
0.504	27.27	-0.0700016	0	-0.132673	0	0	0	
0.504	27.345	-0.0300007	0	-0.00952208	0	0	0	
0.504	27.4	-0.0600014	0	0.0273147	0	0	0	
0.504	27.426	-0.140003	0	-0.0458623	0	0	0	
0.504	27.432	-0.180004	0	-0.154119	0	0	0	
0.504	27.441	-0.160004	0	-0.229215	0	0	0	
0.504	27.47	-0.150003	0	-0.217563	0	0	0	
0.504	27.514	-0.0900021	0	-0.141086	0	0	0	
0.504	27.561	-0.0600014	0	-0.0828475	0	0	0	
0.468	27.598	-0.0200005	0	-0.0697067	0	0	0	
0.468	27.611	0	0	1.18562	0	0	0	
0.468	27.601	-0.160004	0	-0.0991436	0	0	0	
0.468	27.588	-0.210005	0	-0.186203	0	0	0	
0.468	27.607	-0.180004	0	-0.198011	0	0	0	
0.504	27.659	-0.0800018	0	-0.0767107	0	0	0	
0.504	27.728	-0.0400009	0	-1.2419	0	0	0	
0.504	27.786	-0.0200005	0	0.0197223	0	0	0	
0.504	27.816	-0.0700016	0	-0.0194391	0	0	0	
0.468	27.82	-0.0700016	0	-0.123766	0	0	0	
0.468	27.82	-0.0600014	0	1.07	0	0	0	
0.468	27.819	-0.0700016	0	-0.139943	0	0	0	
0.468	27.819	-0.0800018	0	-0.143745	0	0	0	
0.468	27.819	-0.120003	0	-0.139982	0	0	0	
0.468	27.821	-0.130003	0	-0.139982	0	0	0	
0.468	27.828	-0.0700016	0	-0.132376	0	0	0	
0.468	27.834	-0.0200005	0	-0.113258	0	0	0	
0.468	27.829	-0.0100002	0	-0.116786	0	0	0	
0.468	27.817	-0.0500011	0	-0.158425	0	0	0	
0.468	27.797	-0.0600014	0	-0.185266	0	0	0	
0.468	27.776	-0.0600014	0	-0.216194	0	0	0	
0.468	27.764	-0.0700016	0	-0.22078	0	0	0	
0.468	27.761	-0.0700016	0	-0.187343	0	0	0	
0.468	27.764	-0.0500011	0	-0.153554	0	0	0	
0.468	27.764	0	0	-0.130837	0	0	0	
0.432	27.759	0.0300007	0	-0.142137	0	0	0	
0.468	27.743	-0.43001	0	1.13038	0	0	0	
0.468	27.74	-0.0400009	0	-1.39811	0	0	0	
0.468	27.822	0.170004	0	-0.154376	0	0	0	
0.468	27.878	0.110003	0	0.169044	0	0	0	
0.432	27.85	0	0	0.073308	0	0	0	
0.432	27.769	-0.0600014	0	1.0473	0	0	0	
0.432	27.686	-0.0900021	0	-0.350416	0	0	0	
0.432	27.617	-0.140003	0	-0.361205	0	0	0	
0.432	27.577	-0.140003	0	-0.311166	0	0	0	
0.432	27.575	-0.0300007	0	-0.203467	0	0	0	
0.432	27.598	0.110003	0	-0.0603994	0	0	0	
0.432	27.605	0.100002	0	0.0346779	0	0	0	
0.432	27.563	0.0200005	0	-0.025317	0	0	0	
0.396	27.49	-0.0400009	0	-0.211551	0	0	0	
0.396	27.402	-0.0800018	0	0.960339	0	0	0	
0.396	27.321	-0.0700016	0	-0.294489	0	0	0	
0.396	27.264	-0.0800018	0	-0.271291	0	0	0	
0.396	27.229	-0.0700016	0	-0.183103	0	0	0	
0.432	27.22	-0.0500011	0	-0.101597	0	0	0	
0.432	27.225	-0.0400009	0	-1.29555	0	0	0	
0.432	27.229	-0.0200005	0	-0.0477507	0	0	0	
0.432	27.227	0.0400009	0	-0.0513394	0	0	0	
0.432	27.223	0.200005	0	-0.0740345	0	0	0	
0.396	27.191	0.140003	0	-0.081727	0	0	0	
0.396	27.094	0	0	1.1031	0	0	0	
0.36	26.956	-0.0500011	0	-0.340473	0	0	0	
0.36	26.818	-0.0800018	0	0.791226	0	0	0	
0.36	26.697	-0.0700016	0	-0.409063	0	0	0	
0.36	26.607	-0.0700016	0	-0.349753	0	0	0	
0.36	26.546	-0.0600014	0	-0.236495	0	0	0	
0.36	26.508	0	0	-0.129619	0	0	0	
