-179.964	-93.143	0.0400009	0	0.6	0	0	0	
-179.964	-93.143	0.0400009	0	0.6	0	0	0	
-179.964	-93.143	0.0300007	0	0.6	0	0	0	
-179.964	-93.143	0	0	0.6	0	0	0	
-179.964	-93.141	-0.0700016	0	0.6	0	0	0	
-179.928	-93.132	0.460011	0	0.6	0	0	0	
-179.928	-93.129	-0.0200005	0	0.6	0	0	0	
-179.928	-93.224	-0.370008	0	0.6	0	0	0	
-179.964	-93.286	-0.310007	0	0.6	0	0	0	
-180	-93.211	-0.0400009	0	0.6	0	0	0	
-180.036	-93.037	0	0	0.6	0	0	0	
-180.036	-92.866	-0.0600014	0	0.6	0	0	0	
-180.072	-92.714	-0.120003	0	0.6	0	0	0	
-180.108	-92.561	-0.120003	0	0.6	0	0	0	
-180.144	-92.374	-0.110003	0	0.6	0	0	0	
-180.216	-92.166	-0.100002	0	0.6	0	0	0	
-180.252	-91.919	-0.0700016	0	0.6	0	0	0	
-180.288	-91.656	-0.0700016	0	0.6	0	0	0	
-180.36	-91.367	-0.0900021	0	0.6	0	0	0	
-180.396	-91.083	-0.100002	0	0.6	0	0	0	
-180.468	-90.775	-0.100002	0	0.6	0	0	0	
-180.504	-90.453	-0.120003	0	0.6	0	0	0	
-180.576	-90.104	0	0	0.6	0	0	0	
-180.648	-89.751	-0.130003	0	0.6	0	0	0	
-180.684	-89.403	-0.110003	0	0.6	0	0	0	
-180.756	-89.051	-0.0700016	0	0.6	0	0	0	
-180.792	-88.678	-0.0800018	0	0.6	0	0	0	
-180.864	-88.311	-0.110003	0	0.6	0	0	0	
-180.936	-87.929	-0.120003	0	0.6	0	0	0	
-181.008	-87.541	-0.160004	0	0.6	0	0	0	
-181.08	-87.136	-0.150003	0	0.6	0	0	0	
-181.116	-86.718	-0.110003	0	0.6	0	0	0	
-181.224	-86.264	-0.0900021	0	0.6	0	0	0	
-181.26	-85.8	-0.0900021	0	0.6	0	0	0	
-181.368	-85.304	-0.0900021	0	0.6	0	0	0	
-181.44	-84.811	-0.130003	0	0.6	0	0	0	
-181.512	-84.302	-0.120003	0	0.6	0	0	0	
-181.584	-83.785	-0.120003	0	0.6	0	0	0	
-181.656	-83.239	-0.120003	0	0.6	0	0	0	
-181.728	-82.691	-0.150003	0	0.6	0	0	0	
-181.836	-82.12	-0.120003	0	0.6	0	0	0	
-181.908	-81.538	-0.130003	0	0.6	0	0	0	
-181.98	-80.927	-0.110003	0	0.6	0	0	0	
-182.088	-80.311	-0.100002	0	0.6	0	0	0	
-182.16	-79.665	-0.120003	0	0.6	0	0	0	
-182.232	-79.027	-0.140003	0	0.6	0	0	0	
-182.34	-78.361	-0.130003	0	0.6	0	0	0	
-182.412	-77.693	-0.140003	0	0.6	0	0	0	
-182.52	-76.993	-0.130003	0	0.6	0	0	0	
-182.592	-76.296	-0.110003	0	0.6	0	0	0	
-182.7	-75.555	-0.110003	0	0.6	0	0	0	
-182.772	-74.82	-0.140003	0	0.6	0	0	0	
-182.88	-74.06	-0.110003	0	0.6	0	0	0	
-182.952	-73.29	-0.120003	0	0.6	0	0	0	
-183.06	-72.492	-0.120003	0	0.6	0	0	0	
-183.168	-71.694	-0.110003	0	0.6	0	0	0	
-183.24	-70.867	-0.140003	0	0.6	0	0	0	
-183.348	-70.039	-0.100002	0	0.6	0	0	0	
-183.42	-69.187	-0.120003	0	0.6	0	0	0	
-183.528	-68.323	-0.0800018	0	0.6	0	0	0	
-183.6	-67.434	-0.110003	0	0.6	0	0	0	
-183.708	-66.54	-0.100002	0	0.6	0	0	0	
-183.816	-65.632	-0.110003	0	-0.6	0	0	0	
-183.888	-64.724	-0.110003	0	-0.6	0	0	0	
-183.996	-63.767	-0.0400009	0	-0.6	0	0	0	
-184.068	-62.8	0	0	-0.6	0	0	0	
-184.14	-61.838	0.0200005	0	-0.6	0	0	0	
-184.212	-60.898	-0.0200005	0	-0.6	0	0	0	
-184.248	-59.995	0	0	-0.6	0	0	0	
-184.32	-59.1	-0.0200005	0	-0.6	0	0	0	
-184.356	-58.225	0.0300007	0	-0.6	0	0	0	
-184.392	-57.354	0	0	-0.6	0	0	0	
-184.428	-56.516	-0.0400009	0	-0.6	0	0	0	
-184.464	-55.705	-0.0400009	0	-0.6	0	0	0	
-184.5	-54.905	-0.0100002	0	-0.6	0	0	0	
-184.5	-54.112	0.0200005	0	-0.6	0	0	0	
-184.536	-53.318	0	0	-0.6	0	0	0	
-184.536	-52.548	0.0100002	0	-0.6	0	0	0	
-184.536	-51.795	0	0	-0.6	0	0	0	
-184.5	-51.068	-0.0100002	0	-0.6	0	0	0	
-184.5	-50.362	-0.0100002	0	-0.6	0	0	0	
-184.5	-49.662	0.0200005	0	-0.6	0	0	0	
-184.464	-48.967	0.0200005	0	-0.6	0	0	0	
-184.428	-48.29	0	0	-0.6	0	0	0	
-184.392	-47.635	0.0100002	0	-0.6	0	0	0	
-184.32	-46.998	-0.0100002	0	-0.6	0	0	0	
-184.284	-46.384	-0.0100002	0	-0.6	0	0	0	
-184.212	-45.783	-0.0100002	0	-0.6	0	0	0	
-184.176	-45.199	-0.0300007	0	-0.6	0	0	0	
-184.104	-44.628	0	0	-0.6	0	0	0	
-184.032	-44.062	0.0100002	0	-0.6	0	0	0	
-183.924	-43.503	0.0100002	0	-0.6	0	0	0	
-183.852	-42.97	0	0	-0.6	0	0	0	
-183.78	-42.46	-0.0100002	0	-0.6	0	0	0	
-183.672	-41.962	0	0	-0.6	0	0	0	
-183.564	-41.477	-0.0400009	0	-0.6	0	0	0	
-183.456	-41.015	-0.0300007	0	-0.6	0	0	0	
-183.348	-40.567	-0.0500011	0	-0.6	0	0	0	
-183.24	-40.138	-0.0200005	0	-0.6	0	0	0	
-183.096	-39.711	0	0	-0.6	0	0	0	
-182.988	-39.29	0	0	-0.6	0	0	0	
-182.844	-38.889	0	0	-0.6	0	0	0	
-182.7	-38.505	0	0	-0.6	0	0	0	
-182.556	-38.141	-0.0600014	0	-0.6	0	0	0	
-182.448	-37.792	-0.0900021	0	-0.6	0	0	0	
-182.304	-37.444	-0.0600014	0	-0.6	0	0	0	
-182.124	-37.094	-0.0700016	0	-0.6	0	0	0	
-181.98	-36.754	-0.0700016	0	-0.6	0	0	0	
-181.836	-36.432	-0.0600014	0	-0.6	0	0	0	
-181.692	-36.117	-0.0200005	0	-0.6	0	0	0	
-181.512	-35.806	-0.0400009	0	-0.6	0	0	0	
-181.368	-35.516	-0.0400009	0	-0.6	0	0	0	
-181.188	-35.251	-0.0400009	0	-0.6	0	0	0	
-181.008	-35.002	-0.0400009	0	-0.6	0	0	0	
-180.828	-34.765	-0.0100002	0	-0.6	0	0	0	
-180.648	-34.541	0	0	-0.6	0	0	0	
-180.468	-34.33	-0.0100002	0	-0.6	0	0	0	
-180.288	-34.139	0.0100002	0	-0.6	0	0	0	
-180.108	-33.958	-0.0300007	0	-0.6	0	0	0	
-179.892	-33.807	-0.0200005	0	-0.6	0	0	0	
-179.712	-33.671	0	0	-0.6	0	0	0	
-179.496	-33.549	0.0200005	0	-0.6	0	0	0	
-179.316	-33.449	0.0300007	0	-0.6	0	0	0	
-179.1	-33.368	0.0300007	0	-0.6	0	0	0	
-178.884	-33.304	0.0500011	0	-0.6	0	0	0	
-178.704	-33.256	0.100002	0	-0.6	0	0	0	
-178.488	-33.233	0.0400009	0	-0.6	0	0	0	
-178.272	-33.24	-0.0300007	0	-0.6	0	0	0	
-178.056	-33.241	-0.0300007	0	-0.6	0	0	0	
-177.876	-33.229	0.0800018	0	-0.6	0	0	0	
-177.66	-33.218	0.170004	0	-0.6	0	0	0	
-177.444	-33.23	0.230005	0	-0.6	0	0	0	
-177.228	-33.279	0.190004	0	-0.6	0	0	0	
-177.012	-33.368	0.110003	0	-0.6	0	0	0	
-176.76	-33.487	0.120003	0	-0.6	0	0	0	
-176.544	-33.619	0.150003	0	-0.6	0	0	0	
-176.328	-33.779	0.100002	0	-0.6	0	0	0	
-176.112	-33.975	0.0900021	0	-0.6	0	0	0	
-175.896	-34.179	0.230005	0	-0.6	0	0	0	
-175.644	-34.372	0.140003	0	-0.6	0	0	0	
-175.428	-34.599	0.120003	0	-0.6	0	0	0	
-175.212	-34.844	0.130003	0	-0.6	0	0	0	
-174.996	-35.099	0.150003	0	-0.6	0	0	0	
-174.78	-35.364	0.140003	0	-0.6	0	0	0	
-174.564	-35.652	0.130003	0	-0.6	0	0	0	
-174.348	-35.96	0.140003	0	-0.6	0	0	0	
-174.132	-36.284	0.150003	0	-0.6	0	0	0	
-173.916	-36.624	0.0300007	0	-0.6	0	0	0	
-173.736	-36.978	0.140003	0	-0.6	0	0	0	
-173.52	-37.326	0.100002	0	-0.6	0	0	0	
-173.34	-37.68	0.100002	0	-0.6	0	0	0	
-173.16	-38.038	0.160004	0	-0.6	0	0	0	
-172.944	-38.396	0.170004	0	-0.6	0	0	0	
-172.764	-38.765	0.180004	0	-0.6	0	0	0	
-172.584	-39.144	0.210005	0	-0.6	0	0	0	
-172.404	-39.537	0.210005	0	-0.6	0	0	0	
-172.224	-39.946	0.200005	0	-0.6	0	0	0	
-172.044	-40.377	0.160004	0	-0.6	0	0	0	
-171.864	-40.833	0.170004	0	-0.6	0	0	0	
-171.72	-41.308	0.150003	0	-0.6	0	0	0	
-171.54	-41.801	0.160004	0	-0.6	0	0	0	
-171.396	-42.306	0.180004	0	-0.6	0	0	0	
-171.252	-42.817	0.190004	0	0.6	0	0	0	
-171.072	-43.344	0.190004	0	0.6	0	0	0	
-170.928	-43.886	0.160004	0	0.6	0	0	0	
-170.82	-44.436	0.120003	0	0.6	0	0	0	
-170.676	-44.983	0.110003	0	0.6	0	0	0	
-170.568	-45.519	0.0900021	0	0.6	0	0	0	
-170.46	-46.043	0.0900021	0	0.6	0	0	0	
-170.388	-46.546	0.0900021	0	0.6	0	0	0	
-170.28	-47.032	0.0900021	0	0.6	0	0	0	
-170.208	-47.496	0.100002	0	0.6	0	0	0	
-170.172	-47.94	0.130003	0	0.6	0	0	0	
-170.1	-48.362	0.120003	0	0.6	0	0	0	
-170.064	-48.766	0.140003	0	0.6	0	0	0	
-170.028	-49.152	0.130003	0	0.6	0	0	0	
-170.028	-49.527	0.180004	0	0.6	0	0	0	
-169.992	-49.882	0.160004	0	0.6	0	0	0	
-169.992	-50.235	0.190004	0	0.6	0	0	0	
-169.992	-50.585	0.140003	0	0.6	0	0	0	
-170.028	-50.93	0.180004	0	0.6	0	0	0	
-170.028	-51.271	0.0800018	0	0.6	0	0	0	
-170.064	-51.62	0.0800018	0	0.6	0	0	0	
-170.136	-51.945	0.0900021	0	0.6	0	0	0	
-170.172	-52.25	0.100002	0	0.6	0	0	0	
-170.244	-52.534	0.0900021	0	0.6	0	0	0	
-170.316	-52.804	0.0900021	0	0.6	0	0	0	
-170.388	-53.052	0.0900021	0	0.6	0	0	0	
-170.496	-53.285	0.120003	0	0.6	0	0	0	
-170.604	-53.482	0.150003	0	0.6	0	0	0	
-170.712	-53.656	0.130003	0	0.6	0	0	0	
-170.856	-53.817	0.130003	0	0.6	0	0	0	
-171	-53.966	0.110003	0	0.6	0	0	0	
-171.144	-54.101	0.130003	0	0.6	0	0	0	
-171.288	-54.217	0.110003	0	0.6	0	0	0	
-171.468	-54.313	0.110003	0	0.6	0	0	0	
-171.648	-54.388	0.0900021	0	0.6	0	0	0	
-171.828	-54.443	0.0900021	0	0.6	0	0	0	
-172.044	-54.474	0.0700016	0	0.6	0	0	0	
-172.224	-54.479	0.0100002	0	0.6	0	0	0	
-172.44	-54.472	0.0100002	0	0.6	0	0	0	
-172.656	-54.452	0.0500011	0	0.6	0	0	0	
-172.872	-54.427	0.0100002	0	0.6	0	0	0	
-173.124	-54.405	0	0	0.6	0	0	0	
-173.34	-54.381	-0.0600014	0	0.6	0	0	0	
-173.592	-54.348	-0.130003	0	0.6	0	0	0	
-173.844	-54.289	-0.0800018	0	0.6	0	0	0	
-174.132	-54.187	-0.0200005	0	0.6	0	0	0	
-174.384	-54.051	-0.0100002	0	0.6	0	0	0	
-174.672	-53.901	-0.0400009	0	0.6	0	0	0	
-174.96	-53.745	-0.0400009	0	0.6	0	0	0	
-175.248	-53.572	-0.0400009	0	0.6	0	0	0	
-175.572	-53.377	-0.0400009	0	0.6	0	0	0	
-175.86	-53.155	-0.0300007	0	0.6	0	0	0	
-176.184	-52.916	-0.0500011	0	0.6	0	0	0	
-176.508	-52.668	-0.0400009	0	0.6	0	0	0	
-176.832	-52.402	-0.0700016	0	0.6	0	0	0	
-177.156	-52.123	-0.0500011	0	0.6	0	0	0	
-177.48	-51.822	-0.0700016	0	0.6	0	0	0	
-177.804	-51.503	-0.0800018	0	0.6	0	0	0	
-178.164	-51.174	-0.120003	0	0.6	0	0	0	
-178.488	-50.84	-0.0300007	0	0.6	0	0	0	
-178.848	-50.48	0.0100002	0	0.6	0	0	0	
-179.208	-50.114	0	0	0.6	0	0	0	
-179.532	-49.75	-0.0400009	0	0.6	0	0	0	
-179.892	-49.379	-0.0500011	0	0.6	0	0	0	
-180.252	-49.002	-0.0900021	0	0.6	0	0	0	
-180.612	-48.612	-0.0600014	0	0.6	0	0	0	
-180.972	-48.201	-0.0700016	0	0.6	0	0	0	
-181.332	-47.778	-0.0600014	0	0.6	0	0	0	
-181.692	-47.336	-0.0800018	0	0.6	0	0	0	
-182.052	-46.884	-0.0800018	0	0.6	0	0	0	
-182.412	-46.417	-0.100002	0	0.6	0	0	0	
-182.772	-45.938	-0.0900021	0	0.6	0	0	0	
-183.132	-45.438	-0.100002	0	0.6	0	0	0	
-183.492	-44.927	-0.0900021	0	0.6	0	0	0	
-183.852	-44.396	-0.0700016	0	0.6	0	0	0	
-184.212	-43.843	-0.0600014	0	0.6	0	0	0	
-184.572	-43.273	-0.0900021	0	0.6	0	0	0	
-184.932	-42.695	-0.100002	0	0.6	0	0	0	
-185.292	-42.102	-0.0900021	0	0.6	0	0	0	
-185.652	-41.489	-0.110003	0	0.6	0	0	0	
-186.012	-40.871	-0.140003	0	0.6	0	0	0	
-186.372	-40.242	-0.130003	0	0.6	0	0	0	
-186.732	-39.59	-0.110003	0	0.6	0	0	0	
-187.092	-38.913	-0.100002	0	0.6	0	0	0	
-187.416	-38.223	-0.100002	0	0.6	0	0	0	
-187.776	-37.518	-0.110003	0	0.6	0	0	0	
-188.1	-36.803	-0.160004	0	0.6	0	0	0	
-188.46	-36.087	-0.150003	0	0.6	0	0	0	
-188.784	-35.344	-0.170004	0	0.6	0	0	0	
-189.108	-34.594	-0.120003	0	0.6	0	0	0	
-189.432	-33.811	-0.110003	0	0.6	0	0	0	
-189.756	-33.008	-0.130003	0	0.6	0	0	0	
-190.08	-32.196	-0.130003	0	0.6	0	0	0	
-190.368	-31.37	-0.170004	0	0.6	0	0	0	
-190.692	-30.544	-0.170004	0	0.6	0	0	0	
-190.98	-29.699	-0.130003	0	0.6	0	0	0	
-191.268	-28.826	-0.160004	0	0.6	0	0	0	
-191.556	-27.942	-0.170004	0	0.6	0	0	0	
-191.844	-27.042	-0.190004	0	0.6	0	0	0	
-192.096	-26.142	-0.160004	0	0.6	0	0	0	
-192.384	-25.214	-0.190004	0	-0.6	0	0	0	
-192.636	-24.277	-0.150003	0	-0.6	0	0	0	
-192.888	-23.314	-0.130003	0	-0.6	0	0	0	
-193.14	-22.341	-0.0900021	0	-0.6	0	0	0	
-193.356	-21.37	-0.160004	0	-0.6	0	0	0	
-193.572	-20.439	-0.170004	0	-0.6	0	0	0	
-193.752	-19.529	-0.130003	0	-0.6	0	0	0	
-193.932	-18.618	-0.0500011	0	-0.6	0	0	0	
-194.112	-17.702	-0.0600014	0	-0.6	0	0	0	
-194.256	-16.802	-0.0700016	0	-0.6	0	0	0	
-194.4	-15.931	-0.0700016	0	-0.6	0	0	0	
-194.544	-15.076	-0.0700016	0	-0.6	0	0	0	
-194.652	-14.245	-0.0500011	0	-0.6	0	0	0	
-194.76	-13.417	-0.0500011	0	-0.6	0	0	0	
-194.868	-12.605	-0.0400009	0	-0.6	0	0	0	
-194.94	-11.808	-0.0400009	0	-0.6	0	0	0	
-194.976	-11.027	-0.0400009	0	-0.6	0	0	0	
-195.048	-10.269	-0.0600014	0	-0.6	0	0	0	
-195.048	-9.527	-0.0500011	0	-0.6	0	0	0	
-195.084	-8.805	-0.0500011	0	-0.6	0	0	0	
-195.084	-8.095	-0.0300007	0	-0.6	0	0	0	
-195.084	-7.393	-0.0300007	0	-0.6	0	0	0	
-195.048	-6.715	-0.0300007	0	-0.6	0	0	0	
-195.012	-6.049	-0.0100002	0	-0.6	0	0	0	
-194.976	-5.386	-0.0200005	0	-0.6	0	0	0	
-194.904	-4.748	-0.0400009	0	-0.6	0	0	0	
-194.832	-4.131	-0.0200005	0	-0.6	0	0	0	
-194.724	-3.516	-0.0100002	0	-0.6	0	0	0	
-194.616	-2.92	-0.0200005	0	-0.6	0	0	0	
-194.508	-2.349	-0.0100002	0	-0.6	0	0	0	
-194.364	-1.789	0	0	-0.6	0	0	0	
-194.22	-1.24	0	0	-0.6	0	0	0	
-194.076	-0.709	-0.0100002	0	-0.6	0	0	0	
-193.896	-0.194	0	0	-0.6	0	0	0	
-193.716	0.306	0	0	-0.6	0	0	0	
-193.536	0.791	-0.0200005	0	-0.6	0	0	0	
-193.32	1.259	0	0	-0.6	0	0	0	
-193.104	1.714	0	0	-0.6	0	0	0	
-192.852	2.156	0	0	-0.6	0	0	0	
-192.6	2.581	-0.0100002	0	-0.6	0	0	0	
-192.348	2.988	0	0	-0.6	0	0	0	
-192.096	3.38	0	0	-0.6	0	0	0	
-191.808	3.763	0.0100002	0	-0.6	0	0	0	
-191.52	4.13	0.0100002	0	-0.6	0	0	0	
-191.232	4.486	-0.0500011	0	-0.6	0	0	0	
-190.908	4.826	-0.0900021	0	-0.6	0	0	0	
-190.584	5.167	-0.0300007	0	-0.6	0	0	0	
-190.26	5.513	0.0200005	0	-0.6	0	0	0	
-189.936	5.849	0	0	-0.6	0	0	0	
-189.576	6.174	0	0	-0.6	0	0	0	
-189.216	6.481	0	0	-0.6	0	0	0	
-188.856	6.768	0.0100002	0	-0.6	0	0	0	
-188.496	7.042	0.0300007	0	-0.6	0	0	0	
-188.1	7.3	0.0300007	0	-0.6	0	0	0	
-187.704	7.538	0.0500011	0	-0.6	0	0	0	
-187.308	7.754	0.0100002	0	-0.6	0	0	0	
-186.876	7.947	0.0300007	0	-0.6	0	0	0	
-186.48	8.128	0.0300007	0	-0.6	0	0	0	
-186.048	8.287	0.0400009	0	-0.6	0	0	0	
-185.616	8.426	0.0400009	0	-0.6	0	0	0	
-185.148	8.546	0.0300007	0	-0.6	0	0	0	
-184.716	8.647	0.0400009	0	-0.6	0	0	0	
-184.248	8.727	-0.0900021	0	-0.6	0	0	0	
-183.816	8.795	0	0	-0.6	0	0	0	
-183.348	8.877	0.0900021	0	-0.6	0	0	0	
-182.88	8.948	0.160004	0	-0.6	0	0	0	
-182.376	8.98	0.200005	0	-0.6	0	0	0	
-181.908	8.96	0.0700016	0	-0.6	0	0	0	
-181.404	8.91	0.0400009	0	-0.6	0	0	0	
-180.936	8.87	0.0600014	0	-0.6	0	0	0	
-180.468	8.849	0.190004	0	-0.6	0	0	0	
-179.964	8.84	0.270006	0	-0.6	0	0	0	
-179.46	8.801	0.250006	0	-0.6	0	0	0	
-178.956	8.701	0.110003	0	-0.6	0	0	0	
-178.452	8.552	0.0800018	0	-0.6	0	0	0	
-177.948	8.395	0.110003	0	-0.6	0	0	0	
-177.444	8.245	0.180004	0	-0.6	0	0	0	
-176.94	8.092	0.190004	0	-0.6	0	0	0	
-176.4	7.914	0.160004	0	-0.6	0	0	0	
-175.896	7.713	0.160004	0	-0.6	0	0	0	
-175.392	7.489	0.160004	0	-0.6	0	0	0	
-174.888	7.247	0.210005	0	-0.6	0	0	0	
-174.384	7.001	0.180004	0	-0.6	0	0	0	
-173.88	6.723	0.170004	0	-0.6	0	0	0	
-173.376	6.427	0.160004	0	-0.6	0	0	0	
-172.872	6.108	0.160004	0	-0.6	0	0	0	
-172.368	5.778	0.180004	0	-0.6	0	0	0	
-171.9	5.437	0.110003	0	-0.6	0	0	0	
-171.396	5.085	0.120003	0	-0.6	0	0	0	
-170.928	4.728	0.120003	0	-0.6	0	0	0	
-170.46	4.369	0.230005	0	-0.6	0	0	0	
-169.992	4.018	0.180004	0	-0.6	0	0	0	
-169.524	3.649	0.160004	0	-0.6	0	0	0	
-169.056	3.263	0.180004	0	-0.6	0	0	0	
-168.588	2.866	0.170004	0	-0.6	0	0	0	
-168.156	2.455	0.190004	0	-0.6	0	0	0	
-167.724	2.027	0.180004	0	-0.6	0	0	0	
-167.292	1.583	0.180004	0	-0.6	0	0	0	
-166.86	1.125	0.180004	0	-0.6	0	0	0	
-166.428	0.648	0.180004	0	-0.6	0	0	0	
-166.032	0.154	0.170004	0	0.6	0	0	0	
-165.636	-0.352	0.160004	0	0.6	0	0	0	
-165.24	-0.874	0.150003	0	0.6	0	0	0	
-164.844	-1.412	0.0900021	0	0.6	0	0	0	
-164.484	-1.949	0.0800018	0	0.6	0	0	0	
-164.16	-2.465	0.0800018	0	0.6	0	0	0	
-163.8	-2.959	0.0800018	0	0.6	0	0	0	
-163.512	-3.443	0.0900021	0	0.6	0	0	0	
-163.188	-3.901	0.0800018	0	0.6	0	0	0	
-162.9	-4.337	0.100002	0	0.6	0	0	0	
-162.648	-4.757	0.0800018	0	0.6	0	0	0	
-162.396	-5.164	0.0700016	0	0.6	0	0	0	
-162.144	-5.555	0.0900021	0	0.6	0	0	0	
-161.928	-5.931	0.100002	0	0.6	0	0	0	
-161.712	-6.289	0.150003	0	0.6	0	0	0	
-161.532	-6.636	0.150003	0	0.6	0	0	0	
-161.352	-6.984	0.0900021	0	0.6	0	0	0	
-161.172	-7.331	0.100002	0	0.6	0	0	0	
-161.028	-7.672	0.0900021	0	0.6	0	0	0	
-160.884	-8.006	0.0700016	0	0.6	0	0	0	
-160.776	-8.328	0.0600014	0	0.6	0	0	0	
-160.668	-8.631	0.0800018	0	0.6	0	0	0	
-160.596	-8.902	0.0900021	0	0.6	0	0	0	
-160.56	-9.149	0.100002	0	0.6	0	0	0	
-160.524	-9.381	0.0700016	0	0.6	0	0	0	
-160.488	-9.604	0.0700016	0	0.6	0	0	0	
-160.488	-9.807	0.0700016	0	0.6	0	0	0	
-160.488	-9.99	0.0600014	0	0.6	0	0	0	
-160.524	-10.159	0.0500011	0	0.6	0	0	0	
-160.56	-10.309	0.0500011	0	0.6	0	0	0	
-160.632	-10.437	0.0400009	0	0.6	0	0	0	
-160.704	-10.546	0.100002	0	0.6	0	0	0	
-160.776	-10.643	0.0400009	0	0.6	0	0	0	
-160.92	-10.736	0	0	0.6	0	0	0	
-161.028	-10.802	-0.0100002	0	0.6	0	0	0	
-161.208	-10.832	-0.0600014	0	0.6	0	0	0	
-161.352	-10.825	0.0800018	0	0.6	0	0	0	
-161.532	-10.801	0.0900021	0	0.6	0	0	0	
-161.712	-10.797	-0.0100002	0	0.6	0	0	0	
-161.928	-10.799	-0.0800018	0	0.6	0	0	0	
-162.18	-10.79	-0.140003	0	0.6	0	0	0	
-162.396	-10.758	-0.140003	0	0.6	0	0	0	
-162.684	-10.693	-0.110003	0	0.6	0	0	0	
-162.936	-10.604	-0.110003	0	0.6	0	0	0	
-163.224	-10.499	-0.100002	0	0.6	0	0	0	
-163.548	-10.373	-0.100002	0	0.6	0	0	0	
-163.872	-10.225	-0.0800018	0	0.6	0	0	0	
-164.196	-10.051	-0.0600014	0	0.6	0	0	0	
-164.556	-9.85	-0.0600014	0	0.6	0	0	0	
-164.916	-9.638	-0.0800018	0	0.6	0	0	0	
-165.312	-9.409	-0.0800018	0	0.6	0	0	0	
-165.708	-9.169	-0.0800018	0	0.6	0	0	0	
-166.104	-8.909	-0.0800018	0	0.6	0	0	0	
-166.536	-8.626	-0.0500011	0	0.6	0	0	0	
-166.968	-8.319	-0.0800018	0	0.6	0	0	0	
-167.436	-8.003	-0.0900021	0	0.6	0	0	0	
-167.868	-7.675	-0.0600014	0	0.6	0	0	0	
-168.336	-7.328	0	0	0.6	0	0	0	
-168.804	-6.974	-0.0800018	0	0.6	0	0	0	
-169.308	-6.623	-0.0300007	0	0.6	0	0	0	
-169.812	-6.264	-0.0600014	0	0.6	0	0	0	
-170.316	-5.898	-0.0800018	0	0.6	0	0	0	
-170.82	-5.53	-0.100002	0	0.6	0	0	0	
-171.324	-5.146	-0.0800018	0	0.6	0	0	0	
-171.864	-4.744	-0.0900021	0	0.6	0	0	0	
-172.404	-4.324	-0.0700016	0	0.6	0	0	0	
-172.98	-3.882	-0.0500011	0	0.6	0	0	0	
-173.52	-3.419	-0.0500011	0	0.6	0	0	0	
-174.096	-2.943	-0.0800018	0	0.6	0	0	0	
-174.636	-2.463	-0.0900021	0	0.6	0	0	0	
-175.212	-1.962	-0.0700016	0	0.6	0	0	0	
-175.824	-1.443	-0.0800018	0	0.6	0	0	0	
-176.4	-0.911	-0.0400009	0	0.6	0	0	0	
-177.012	-0.362	-0.0500011	0	0.6	0	0	0	
-177.588	0.202	-0.0500011	0	0.6	0	0	0	
-178.2	0.778	-0.0800018	0	0.6	0	0	0	
-178.812	1.361	-0.0900021	0	0.6	0	0	0	
-179.424	1.966	-0.0500011	0	0.6	0	0	0	
-180.036	2.594	-0.0700016	0	0.6	0	0	0	
-180.648	3.229	-0.0800018	0	0.6	0	0	0	
-181.26	3.877	-0.0600014	0	0.6	0	0	0	
-181.872	4.554	-0.0600014	0	0.6	0	0	0	
-182.52	5.239	-0.100002	0	0.6	0	0	0	
-183.132	5.932	-0.0700016	0	0.6	0	0	0	
-183.744	6.648	-0.0900021	0	0.6	0	0	0	
-184.356	7.369	-0.0800018	0	0.6	0	0	0	
-185.004	8.116	-0.0700016	0	0.6	0	0	0	
-185.616	8.882	-0.0700016	0	0.6	0	0	0	
-186.228	9.657	-0.0800018	0	0.6	0	0	0	
-186.84	10.446	-0.100002	0	0.6	0	0	0	
-187.452	11.243	-0.140003	0	0.6	0	0	0	
-188.064	12.049	-0.110003	0	0.6	0	0	0	
-188.676	12.882	-0.100002	0	0.6	0	0	0	
-189.252	13.726	-0.0900021	0	0.6	0	0	0	
-189.864	14.593	-0.120003	0	0.6	0	0	0	
-190.44	15.465	-0.130003	0	0.6	0	0	0	
-191.016	16.354	-0.130003	0	0.6	0	0	0	
-191.628	17.255	-0.130003	0	0.6	0	0	0	
-192.168	18.177	-0.130003	0	0.6	0	0	0	
-192.744	19.121	-0.130003	0	0.6	0	0	0	
-193.32	20.073	-0.140003	0	-0.6	0	0	0	
-193.86	21.044	-0.160004	0	-0.6	0	0	0	
-194.4	22.016	-0.110003	0	-0.6	0	0	0	
-194.94	23.013	-0.0700016	0	-0.6	0	0	0	
-195.444	24.003	-0.0600014	0	-0.6	0	0	0	
-195.948	24.983	-0.0600014	0	-0.6	0	0	0	
-196.416	25.933	-0.0600014	0	-0.6	0	0	0	
-196.884	26.872	-0.0800018	0	-0.6	0	0	0	
-197.316	27.785	-0.0700016	0	-0.6	0	0	0	
-197.748	28.69	-0.100002	0	-0.6	0	0	0	
-198.18	29.568	-0.0800018	0	-0.6	0	0	0	
-198.576	30.433	-0.100002	0	-0.6	0	0	0	
-198.972	31.281	-0.110003	0	-0.6	0	0	0	
-199.332	32.111	-0.110003	0	-0.6	0	0	0	
-199.692	32.926	-0.110003	0	-0.6	0	0	0	
-200.016	33.724	-0.100002	0	-0.6	0	0	0	
-200.34	34.518	-0.0800018	0	-0.6	0	0	0	
-200.628	35.297	-0.100002	0	-0.6	0	0	0	
-200.916	36.059	-0.0800018	0	-0.6	0	0	0	
-201.168	36.806	-0.0900021	0	-0.6	0	0	0	
-201.42	37.532	-0.110003	0	-0.6	0	0	0	
-201.636	38.243	-0.0800018	0	-0.6	0	0	0	
-201.852	38.949	-0.0800018	0	-0.6	0	0	0	
-202.032	39.641	-0.0600014	0	-0.6	0	0	0	
-202.212	40.319	-0.0700016	0	-0.6	0	0	0	
-202.356	40.979	-0.0900021	0	-0.6	0	0	0	
-202.464	41.616	-0.0900021	0	-0.6	0	0	0	
-202.572	42.24	-0.100002	0	-0.6	0	0	0	
-202.68	42.848	-0.100002	0	-0.6	0	0	0	
-202.752	43.442	-0.0800018	0	-0.6	0	0	0	
-202.788	44.024	-0.0800018	0	-0.6	0	0	0	
-202.824	44.597	-0.0800018	0	-0.6	0	0	0	
-202.86	45.149	-0.0900021	0	-0.6	0	0	0	
-202.86	45.679	-0.0900021	0	-0.6	0	0	0	
-202.824	46.201	-0.0500011	0	-0.6	0	0	0	
-202.788	46.714	-0.0800018	0	-0.6	0	0	0	
-202.716	47.206	-0.0700016	0	-0.6	0	0	0	
-202.644	47.685	-0.0600014	0	-0.6	0	0	0	
-202.536	48.152	-0.0500011	0	-0.6	0	0	0	
-202.428	48.609	-0.0700016	0	-0.6	0	0	0	
-202.284	49.044	-0.0700016	0	-0.6	0	0	0	
-202.104	49.461	-0.0600014	0	-0.6	0	0	0	
-201.924	49.865	-0.0600014	0	-0.6	0	0	0	
-201.744	50.253	-0.0600014	0	-0.6	0	0	0	
-201.528	50.626	-0.0600014	0	-0.6	0	0	0	
-201.312	50.98	-0.150003	0	-0.6	0	0	0	
-201.06	51.326	-0.0300007	0	-0.6	0	0	0	
-200.808	51.682	-0.0900021	0	-0.6	0	0	0	
-200.52	52.023	-0.0900021	0	-0.6	0	0	0	
-200.232	52.363	-0.0500011	0	-0.6	0	0	0	
-199.944	52.701	-0.0500011	0	-0.6	0	0	0	
-199.62	53.024	-0.0300007	0	-0.6	0	0	0	
-199.26	53.329	-0.0200005	0	-0.6	0	0	0	
-198.9	53.622	-0.0100002	0	-0.6	0	0	0	
-198.54	53.891	-0.0200005	0	-0.6	0	0	0	
-198.144	54.144	0	0	-0.6	0	0	0	
-197.712	54.376	-0.0100002	0	-0.6	0	0	0	
-197.28	54.589	-0.0200005	0	-0.6	0	0	0	
-196.848	54.77	-0.0500011	0	-0.6	0	0	0	
-196.38	54.929	-0.0400009	0	-0.6	0	0	0	
-195.912	55.076	-0.0300007	0	-0.6	0	0	0	
-195.408	55.208	-0.0200005	0	-0.6	0	0	0	
-194.904	55.323	-0.0300007	0	-0.6	0	0	0	
-194.4	55.422	0	0	-0.6	0	0	0	
-193.86	55.505	0	0	-0.6	0	0	0	
-193.32	55.566	0.0100002	0	-0.6	0	0	0	
-192.78	55.6	0.0200005	0	-0.6	0	0	0	
-192.204	55.605	0.0800018	0	-0.6	0	0	0	
-191.628	55.589	0	0	-0.6	0	0	0	
-191.016	55.553	0	0	-0.6	0	0	0	
-190.44	55.52	0.0200005	0	-0.6	0	0	0	
-189.828	55.497	0.0500011	0	-0.6	0	0	0	
-189.216	55.481	0.110003	0	-0.6	0	0	0	
-188.568	55.462	0.200005	0	-0.6	0	0	0	
-187.956	55.419	0.180004	0	-0.6	0	0	0	
-187.308	55.326	0.0800018	0	-0.6	0	0	0	
-186.624	55.192	0.0800018	0	-0.6	0	0	0	
-185.976	55.039	0.0900021	0	-0.6	0	0	0	
-185.292	54.875	0.0900021	0	-0.6	0	0	0	
-184.608	54.702	0.100002	0	-0.6	0	0	0	
-183.924	54.51	0.0800018	0	-0.6	0	0	0	
-183.24	54.292	0.100002	0	-0.6	0	0	0	
-182.556	54.065	0.120003	0	-0.6	0	0	0	
-181.836	53.821	0.110003	0	-0.6	0	0	0	
-181.152	53.565	0.130003	0	-0.6	0	0	0	
-180.432	53.294	0.140003	0	-0.6	0	0	0	
-179.712	53.004	0.140003	0	-0.6	0	0	0	
-178.992	52.69	0.110003	0	-0.6	0	0	0	
-178.272	52.355	0.100002	0	-0.6	0	0	0	
-177.588	52.003	0.0400009	0	-0.6	0	0	0	
-176.868	51.65	0.0900021	0	-0.6	0	0	0	
-176.148	51.295	0.0600014	0	-0.6	0	0	0	
-175.428	50.935	0.100002	0	-0.6	0	0	0	
-174.744	50.572	0.110003	0	-0.6	0	0	0	
-174.024	50.2	0.120003	0	-0.6	0	0	0	
-173.34	49.817	0.120003	0	-0.6	0	0	0	
-172.62	49.413	0.120003	0	-0.6	0	0	0	
-171.936	48.992	0.130003	0	-0.6	0	0	0	
-171.216	48.555	0.110003	0	-0.6	0	0	0	
-170.532	48.105	0.120003	0	-0.6	0	0	0	
-169.848	47.64	0.120003	0	0.6	0	0	0	
-169.164	47.16	0.100002	0	0.6	0	0	0	
-168.516	46.661	0.0600014	0	0.6	0	0	0	
-167.832	46.144	0.0300007	0	0.6	0	0	0	
-167.184	45.634	0	0	0.6	0	0	0	
-166.572	45.142	0	0	0.6	0	0	0	
-165.924	44.664	0	0	0.6	0	0	0	
-165.312	44.202	0	0	0.6	0	0	0	
-164.736	43.764	0.0100002	0	0.6	0	0	0	
-164.16	43.351	0.0300007	0	0.6	0	0	0	
-163.584	42.958	0.0100002	0	0.6	0	0	0	
-163.044	42.582	0.0300007	0	0.6	0	0	0	
-162.504	42.217	0.0500011	0	0.6	0	0	0	
-162	41.867	0.100002	0	0.6	0	0	0	
-161.496	41.523	0.0200005	0	0.6	0	0	0	
-160.992	41.171	0.0300007	0	0.6	0	0	0	
-160.524	40.826	0.0200005	0	0.6	0	0	0	
-160.056	40.491	0	0	0.6	0	0	0	
-159.624	40.164	0	0	0.6	0	0	0	
-159.192	39.852	0	0	0.6	0	0	0	
-158.796	39.565	0	0	0.6	0	0	0	
-158.4	39.295	0	0	0.6	0	0	0	
-158.04	39.054	0	0	0.6	0	0	0	
-157.716	38.831	0.0200005	0	0.6	0	0	0	
-157.392	38.629	0	0	0.6	0	0	0	
-157.068	38.442	0	0	0.6	0	0	0	
-156.78	38.274	0.0600014	0	0.6	0	0	0	
-156.528	38.123	0	0	0.6	0	0	0	
-156.276	37.98	0	0	0.6	0	0	0	
-156.06	37.864	0	0	0.6	0	0	0	
-155.88	37.774	0	0	0.6	0	0	0	
-155.7	37.708	0.0200005	0	0.6	0	0	0	
-155.52	37.664	-0.0100002	0	0.6	0	0	0	
-155.412	37.644	-0.0600014	0	0.6	0	0	0	
-155.268	37.647	-0.0300007	0	0.6	0	0	0	
-155.196	37.665	0.0300007	0	0.6	0	0	0	
-155.088	37.685	-0.0600014	0	0.6	0	0	0	
-155.052	37.69	-0.130003	0	0.6	0	0	0	
-155.016	37.707	-0.170004	0	0.6	0	0	0	
-155.016	37.753	-0.140003	0	0.6	0	0	0	
-155.016	37.837	-0.0800018	0	0.6	0	0	0	
-155.052	37.95	-0.0500011	0	0.6	0	0	0	
-155.088	38.073	-0.0900021	0	0.6	0	0	0	
-155.16	38.201	-0.100002	0	0.6	0	0	0	
-155.232	38.333	-0.140003	0	0.6	0	0	0	
-155.34	38.483	-0.120003	0	0.6	0	0	0	
-155.484	38.66	-0.120003	0	0.6	0	0	0	
-155.628	38.857	-0.120003	0	0.6	0	0	0	
-155.808	39.076	-0.130003	0	0.6	0	0	0	
-156.024	39.311	-0.130003	0	0.6	0	0	0	
-156.24	39.567	-0.120003	0	0.6	0	0	0	
-156.456	39.838	-0.0900021	0	0.6	0	0	0	
-156.708	40.13	-0.130003	0	0.6	0	0	0	
-156.996	40.434	-0.130003	0	0.6	0	0	0	
-157.284	40.756	-0.140003	0	0.6	0	0	0	
-157.608	41.097	-0.0600014	0	0.6	0	0	0	
-157.932	41.45	-0.0600014	0	0.6	0	0	0	
-158.292	41.8	-0.0900021	0	0.6	0	0	0	
-158.652	42.157	-0.100002	0	0.6	0	0	0	
-159.012	42.518	-0.110003	0	0.6	0	0	0	
-159.408	42.882	-0.130003	0	0.6	0	0	0	
-159.84	43.26	-0.130003	0	0.6	0	0	0	
-160.272	43.662	-0.120003	0	0.6	0	0	0	
-160.704	44.08	-0.110003	0	0.6	0	0	0	
-161.172	44.516	-0.120003	0	0.6	0	0	0	
-161.64	44.962	-0.150003	0	0.6	0	0	0	
-162.144	45.417	-0.150003	0	0.6	0	0	0	
-162.648	45.896	-0.120003	0	0.6	0	0	0	
-163.188	46.384	-0.140003	0	0.6	0	0	0	
-163.728	46.902	-0.130003	0	0.6	0	0	0	
-164.304	47.418	-0.120003	0	0.6	0	0	0	
-164.88	47.966	-0.100002	0	0.6	0	0	0	
-165.456	48.523	-0.110003	0	0.6	0	0	0	
-166.068	49.107	-0.100002	0	0.6	0	0	0	
-166.68	49.689	-0.110003	0	0.6	0	0	0	
-167.292	50.298	-0.110003	0	0.6	0	0	0	
-167.94	50.908	-0.120003	0	0.6	0	0	0	
-168.588	51.546	-0.110003	0	0.6	0	0	0	
-169.236	52.187	-0.100002	0	0.6	0	0	0	
-169.92	52.86	-0.120003	0	0.6	0	0	0	
-170.568	53.534	-0.110003	0	0.6	0	0	0	
-171.288	54.229	-0.110003	0	0.6	0	0	0	
-171.972	54.943	-0.100002	0	0.6	0	0	0	
-172.692	55.668	-0.100002	0	0.6	0	0	0	
-173.376	56.413	-0.0800018	0	0.6	0	0	0	
-174.132	57.176	-0.110003	0	0.6	0	0	0	
-174.852	57.942	-0.0800018	0	0.6	0	0	0	
-175.572	58.734	-0.100002	0	0.6	0	0	0	
-176.328	59.533	-0.100002	0	0.6	0	0	0	
-177.048	60.347	-0.100002	0	0.6	0	0	0	
-177.804	61.182	-0.130003	0	0.6	0	0	0	
-178.56	62.026	-0.0900021	0	0.6	0	0	0	
-179.316	62.891	-0.120003	0	0.6	0	0	0	
-180.072	63.763	-0.120003	0	0.6	0	0	0	
-180.864	64.658	-0.120003	0	0.6	0	0	0	
-181.62	65.558	-0.110003	0	0.6	0	0	0	
-182.376	66.482	-0.120003	0	0.6	0	0	0	
-183.132	67.42	-0.100002	0	0.6	0	0	0	
-183.924	68.376	-0.100002	0	0.6	0	0	0	
-184.68	69.343	-0.120003	0	0.6	0	0	0	
-185.436	70.327	-0.100002	0	-0.6	0	0	0	
-186.192	71.326	-0.130003	0	-0.6	0	0	0	
-186.948	72.339	-0.0900021	0	-0.6	0	0	0	
-187.704	73.36	-0.0500011	0	-0.6	0	0	0	
-188.46	74.378	-0.0500011	0	-0.6	0	0	0	
-189.18	75.381	-0.0300007	0	-0.6	0	0	0	
-189.9	76.365	-0.0400009	0	-0.6	0	0	0	
-190.62	77.329	-0.0400009	0	-0.6	0	0	0	
-191.304	78.271	-0.0600014	0	-0.6	0	0	0	
-191.988	79.195	-0.0700016	0	-0.6	0	0	0	
-192.672	80.1	-0.0700016	0	-0.6	0	0	0	
-193.32	80.994	-0.0700016	0	-0.6	0	0	0	
-193.968	81.866	-0.0700016	0	-0.6	0	0	0	
-194.616	82.727	-0.0900021	0	-0.6	0	0	0	
-195.228	83.565	-0.100002	0	-0.6	0	0	0	
-195.84	84.389	-0.0900021	0	-0.6	0	0	0	
-196.416	85.202	-0.110003	0	-0.6	0	0	0	
-196.992	85.997	-0.0800018	0	-0.6	0	0	0	
-197.568	86.785	-0.100002	0	-0.6	0	0	0	
-198.108	87.551	-0.0800018	0	-0.6	0	0	0	
-198.612	88.302	-0.120003	0	-0.6	0	0	0	
-199.116	89.031	-0.170004	0	-0.6	0	0	0	
-199.62	89.728	-0.200005	0	-0.6	0	0	0	
-200.088	90.408	-0.220005	0	-0.6	0	0	0	
-200.556	91.073	-0.230005	0	-0.6	0	0	0	
-200.988	91.726	-0.190004	0	-0.6	0	0	0	
-201.42	92.372	-0.230005	0	-0.6	0	0	0	
-201.816	93.005	-0.260006	0	-0.6	0	0	0	
-202.212	93.618	-0.220005	0	-0.6	0	0	0	
-202.572	94.222	-0.250006	0	-0.6	0	0	0	
-202.896	94.811	-0.260006	0	-0.6	0	0	0	
-203.256	95.382	-0.250006	0	-0.6	0	0	0	
-203.544	95.945	-0.230005	0	-0.6	0	0	0	
-203.832	96.502	-0.230005	0	-0.6	0	0	0	
-204.12	97.041	-0.240005	0	-0.6	0	0	0	
-204.336	97.564	-0.230005	0	-0.6	0	0	0	
-204.588	98.073	-0.240005	0	-0.6	0	0	0	
-204.768	98.57	-0.240005	0	-0.6	0	0	0	
-204.984	99.047	-0.240005	0	-0.6	0	0	0	
-205.128	99.513	-0.250006	0	-0.6	0	0	0	
-205.272	99.965	-0.230005	0	-0.6	0	0	0	
-205.416	100.407	-0.230005	0	-0.6	0	0	0	
-205.524	100.834	-0.230005	0	-0.6	0	0	0	
-205.596	101.244	-0.210005	0	-0.6	0	0	0	
-205.632	101.645	-0.210005	0	-0.6	0	0	0	
-205.668	102.033	-0.210005	0	-0.6	0	0	0	
-205.704	102.406	-0.250006	0	-0.6	0	0	0	
-205.704	102.759	-0.240005	0	-0.6	0	0	0	
-205.668	103.114	-0.270006	0	-0.6	0	0	0	
-205.632	103.456	-0.260006	0	-0.6	0	0	0	
-205.596	103.803	-0.120003	0	-0.6	0	0	0	
-205.488	104.152	-0.230005	0	-0.6	0	0	0	
-205.38	104.466	-0.220005	0	-0.6	0	0	0	
-205.272	104.766	-0.230005	0	-0.6	0	0	0	
-205.128	105.057	-0.210005	0	-0.6	0	0	0	
-204.948	105.331	-0.200005	0	-0.6	0	0	0	
-204.768	105.591	-0.200005	0	-0.6	0	0	0	
-204.552	105.827	-0.180004	0	-0.6	0	0	0	
-204.336	106.049	-0.180004	0	-0.6	0	0	0	
-204.084	106.255	-0.190004	0	-0.6	0	0	0	
-203.832	106.44	-0.180004	0	-0.6	0	0	0	
-203.544	106.61	-0.170004	0	-0.6	0	0	0	
-203.22	106.76	-0.160004	0	-0.6	0	0	0	
-202.896	106.892	-0.150003	0	-0.6	0	0	0	
-202.572	107.01	-0.150003	0	-0.6	0	0	0	
-202.176	107.11	-0.130003	0	-0.6	0	0	0	
-201.816	107.184	-0.140003	0	-0.6	0	0	0	
-201.384	107.233	-0.110003	0	-0.6	0	0	0	
-200.952	107.258	-0.0900021	0	-0.6	0	0	0	
-200.52	107.259	-0.0400009	0	-0.6	0	0	0	
-200.088	107.259	0.0300007	0	-0.6	0	0	0	
-199.62	107.257	0.0700016	0	-0.6	0	0	0	
-199.116	107.248	0.0600014	0	-0.6	0	0	0	
-198.612	107.216	0.0600014	0	-0.6	0	0	0	
-198.072	107.167	0.110003	0	-0.6	0	0	0	
-197.532	107.105	0.0700016	0	-0.6	0	0	0	
-196.992	107.023	0.0600014	0	-0.6	0	0	0	
-196.416	106.928	0.110003	0	-0.6	0	0	0	
-195.84	106.825	0.120003	0	-0.6	0	0	0	
-195.228	106.708	0.140003	0	-0.6	0	0	0	
-194.616	106.57	0.130003	0	-0.6	0	0	0	
-194.004	106.406	0.130003	0	-0.6	0	0	0	
-193.356	106.222	0.140003	0	-0.6	0	0	0	
-192.708	106.021	0.140003	0	-0.6	0	0	0	
-192.06	105.799	0.150003	0	-0.6	0	0	0	
-191.376	105.561	0.140003	0	-0.6	0	0	0	
-190.692	105.299	0.160004	0	-0.6	0	0	0	
-189.972	105.021	0.150003	0	-0.6	0	0	0	
-189.252	104.719	0.130003	0	-0.6	0	0	0	
-188.532	104.397	0.140003	0	-0.6	0	0	0	
-187.812	104.059	0.0400009	0	-0.6	0	0	0	
-187.092	103.706	0.160004	0	-0.6	0	0	0	
-186.336	103.359	0.0700016	0	-0.6	0	0	0	
-185.616	103.001	0.120003	0	-0.6	0	0	0	
-184.86	102.646	0.130003	0	-0.6	0	0	0	
-184.104	102.281	0.140003	0	-0.6	0	0	0	
-183.348	101.904	0.160004	0	-0.6	0	0	0	
-182.556	101.515	0.150003	0	-0.6	0	0	0	
-181.8	101.11	0.150003	0	-0.6	0	0	0	
-181.008	100.688	0.140003	0	-0.6	0	0	0	
-180.252	100.246	0.170004	0	0.6	0	0	0	
-179.46	99.797	0.170004	0	0.6	0	0	0	
-178.704	99.332	0.110003	0	0.6	0	0	0	
-177.912	98.853	0.0800018	0	0.6	0	0	0	
-177.156	98.369	0.0400009	0	0.6	0	0	0	
-176.364	97.901	0.0600014	0	0.6	0	0	0	
-175.608	97.458	0.0800018	0	0.6	0	0	0	
-174.852	97.035	0.0500011	0	0.6	0	0	0	
-174.132	96.628	0.0500011	0	0.6	0	0	0	
-173.376	96.235	0.0700016	0	0.6	0	0	0	
-172.656	95.863	0.180004	0	0.6	0	0	0	
-171.936	95.512	0.0400009	0	0.6	0	0	0	
-171.216	95.157	0.150003	0	0.6	0	0	0	
-170.496	94.815	0.0500011	0	0.6	0	0	0	
-169.812	94.465	0.0400009	0	0.6	0	0	0	
-169.128	94.127	0.0900021	0	0.6	0	0	0	
-168.444	93.818	0.100002	0	0.6	0	0	0	
-167.796	93.519	0.0600014	0	0.6	0	0	0	
-167.112	93.225	0.0400009	0	0.6	0	0	0	
-166.5	92.948	0.0300007	0	0.6	0	0	0	
-165.852	92.685	0.0400009	0	0.6	0	0	0	
-165.24	92.445	0.0300007	0	0.6	0	0	0	
-164.664	92.229	0.0400009	0	0.6	0	0	0	
-164.088	92.038	0.0500011	0	0.6	0	0	0	
-163.512	91.865	0.0500011	0	0.6	0	0	0	
-162.972	91.709	0.0500011	0	0.6	0	0	0	
-162.432	91.57	0.0300007	0	0.6	0	0	0	
-161.892	91.444	0.0300007	0	0.6	0	0	0	
-161.388	91.337	0.0100002	0	0.6	0	0	0	
-160.92	91.253	0.0100002	0	0.6	0	0	0	
-160.452	91.194	0	0	0.6	0	0	0	
-160.02	91.159	-0.0100002	0	0.6	0	0	0	
-159.588	91.151	-0.0700016	0	0.6	0	0	0	
-159.156	91.151	-0.150003	0	0.6	0	0	0	
-158.76	91.155	-0.110003	0	0.6	0	0	0	
-158.4	91.177	-0.0900021	0	0.6	0	0	0	
-158.04	91.201	-0.170004	0	0.6	0	0	0	
-157.68	91.222	-0.180004	0	0.6	0	0	0	
-157.356	91.26	-0.240005	0	0.6	0	0	0	
-157.068	91.321	-0.200005	0	0.6	0	0	0	
-156.78	91.42	-0.170004	0	0.6	0	0	0	
-156.528	91.545	-0.170004	0	0.6	0	0	0	
-156.276	91.679	-0.200005	0	0.6	0	0	0	
-156.06	91.817	-0.240005	0	0.6	0	0	0	
-155.88	91.977	-0.200005	0	0.6	0	0	0	
-155.7	92.163	-0.200005	0	0.6	0	0	0	
-155.52	92.366	-0.210005	0	0.6	0	0	0	
-155.412	92.588	-0.230005	0	0.6	0	0	0	
-155.268	92.821	-0.240005	0	0.6	0	0	0	
-155.196	93.072	-0.260006	0	0.6	0	0	0	
-155.124	93.339	-0.250006	0	0.6	0	0	0	
-155.052	93.631	-0.270006	0	0.6	0	0	0	
-155.016	93.938	-0.250006	0	0.6	0	0	0	
-155.016	94.271	-0.200005	0	0.6	0	0	0	
-155.016	94.619	-0.280006	0	0.6	0	0	0	
-155.052	94.961	-0.210005	0	0.6	0	0	0	
-155.088	95.319	-0.190004	0	0.6	0	0	0	
-155.16	95.682	-0.260006	0	0.6	0	0	0	
-155.268	96.041	-0.250006	0	0.6	0	0	0	
-155.376	96.42	-0.260006	0	0.6	0	0	0	
-155.484	96.808	-0.280006	0	0.6	0	0	0	
-155.628	97.21	-0.270006	0	0.6	0	0	0	
-155.808	97.631	-0.240005	0	0.6	0	0	0	
-155.988	98.067	-0.260006	0	0.6	0	0	0	
-156.204	98.522	-0.270006	0	0.6	0	0	0	
-156.42	98.988	-0.270006	0	0.6	0	0	0	
-156.672	99.47	-0.280006	0	0.6	0	0	0	
-156.96	99.967	-0.280006	0	0.6	0	0	0	
-157.248	100.487	-0.270006	0	0.6	0	0	0	
-157.536	101.018	-0.280006	0	0.6	0	0	0	
-157.86	101.567	-0.250006	0	0.6	0	0	0	
-158.22	102.139	-0.240005	0	0.6	0	0	0	
-158.58	102.725	-0.260006	0	0.6	0	0	0	
-158.94	103.32	-0.270006	0	0.6	0	0	0	
-159.336	103.93	-0.260006	0	0.6	0	0	0	
-159.768	104.565	-0.260006	0	0.6	0	0	0	
-160.2	105.205	-0.260006	0	0.6	0	0	0	
-160.632	105.861	-0.250006	0	0.6	0	0	0	
-161.1	106.542	-0.220005	0	0.6	0	0	0	
-161.604	107.237	-0.240005	0	0.6	0	0	0	
-162.108	107.944	-0.220005	0	0.6	0	0	0	
-162.612	108.675	-0.250006	0	0.6	0	0	0	
-163.152	109.403	-0.250006	0	0.6	0	0	0	
-163.692	110.153	-0.240005	0	0.6	0	0	0	
-164.232	110.922	-0.260006	0	0.6	0	0	0	
-164.808	111.7	-0.240005	0	0.6	0	0	0	
-165.42	112.496	-0.260006	0	0.6	0	0	0	
-165.996	113.3	-0.250006	0	0.6	0	0	0	
-166.608	114.122	-0.250006	0	0.6	0	0	0	
-167.256	114.966	-0.240005	0	0.6	0	0	0	
-167.868	115.821	-0.220005	0	0.6	0	0	0	
-168.516	116.701	-0.250006	0	0.6	0	0	0	
-169.164	117.584	-0.250006	0	0.6	0	0	0	
-169.848	118.484	-0.260006	0	0.6	0	0	0	
-170.532	119.397	-0.260006	0	0.6	0	0	0	
-171.216	120.328	-0.240005	0	0.6	0	0	0	
-171.9	121.274	-0.280006	0	0.6	0	0	0	
-172.62	122.232	-0.240005	0	0.6	0	0	0	
-173.34	123.21	-0.280006	0	0.6	0	0	0	
-174.06	124.202	-0.230005	0	0.6	0	0	0	
-174.816	125.221	-0.230005	0	-0.6	0	0	0	
-175.536	126.257	-0.190004	0	-0.6	0	0	0	
-176.292	127.313	-0.130003	0	-0.6	0	0	0	
-177.012	128.381	-0.0800018	0	-0.6	0	0	0	
-177.768	129.45	-0.0500011	0	-0.6	0	0	0	
-178.488	130.507	-0.0500011	0	-0.6	0	0	0	
-179.244	131.541	-0.0400009	0	-0.6	0	0	0	
-179.964	132.551	-0.0800018	0	-0.6	0	0	0	
-180.684	133.528	-0.0700016	0	-0.6	0	0	0	
-181.404	134.489	-0.100002	0	-0.6	0	0	0	
-182.124	135.43	-0.0700016	0	-0.6	0	0	0	
-182.844	136.359	-0.0700016	0	-0.6	0	0	0	
-183.564	137.27	-0.110003	0	-0.6	0	0	0	
-184.248	138.16	-0.0800018	0	-0.6	0	0	0	
-184.932	139.034	-0.110003	0	-0.6	0	0	0	
-185.652	139.886	-0.0900021	0	-0.6	0	0	0	
-186.3	140.733	-0.100002	0	-0.6	0	0	0	
-186.984	141.556	-0.110003	0	-0.6	0	0	0	
-187.668	142.364	-0.120003	0	-0.6	0	0	0	
-188.316	143.156	-0.130003	0	-0.6	0	0	0	
-188.964	143.926	-0.130003	0	-0.6	0	0	0	
-189.612	144.693	-0.130003	0	-0.6	0	0	0	
-190.224	145.436	-0.120003	0	-0.6	0	0	0	
-190.836	146.168	-0.130003	0	-0.6	0	0	0	
-191.448	146.886	-0.130003	0	-0.6	0	0	0	
-192.024	147.584	-0.120003	0	-0.6	0	0	0	
-192.636	148.27	-0.120003	0	-0.6	0	0	0	
-193.176	148.944	-0.150003	0	-0.6	0	0	0	
-193.752	149.598	-0.150003	0	-0.6	0	0	0	
-194.292	150.238	-0.140003	0	-0.6	0	0	0	
-194.832	150.863	-0.160004	0	-0.6	0	0	0	
-195.336	151.469	-0.170004	0	-0.6	0	0	0	
-195.84	152.065	-0.140003	0	-0.6	0	0	0	
-196.344	152.652	-0.140003	0	-0.6	0	0	0	
-196.812	153.216	-0.140003	0	-0.6	0	0	0	
-197.28	153.767	-0.130003	0	-0.6	0	0	0	
-197.712	154.312	-0.130003	0	-0.6	0	0	0	
-198.144	154.848	-0.130003	0	-0.6	0	0	0	
-198.54	155.351	-0.150003	0	-0.6	0	0	0	
-198.936	155.848	-0.150003	0	-0.6	0	0	0	
-199.332	156.328	-0.160004	0	-0.6	0	0	0	
-199.692	156.783	-0.150003	0	-0.6	0	0	0	
-200.016	157.239	-0.150003	0	-0.6	0	0	0	
-200.34	157.673	-0.130003	0	-0.6	0	0	0	
-200.664	158.095	-0.120003	0	-0.6	0	0	0	
-200.952	158.506	-0.140003	0	-0.6	0	0	0	
-201.204	158.898	-0.140003	0	-0.6	0	0	0	
-201.492	159.273	-0.140003	0	-0.6	0	0	0	
-201.708	159.638	-0.210005	0	-0.6	0	0	0	
-201.924	159.988	-0.170004	0	-0.6	0	0	0	
-202.14	160.337	-0.170004	0	-0.6	0	0	0	
-202.32	160.684	-0.150003	0	-0.6	0	0	0	
-202.5	161.027	-0.140003	0	-0.6	0	0	0	
-202.644	161.365	-0.130003	0	-0.6	0	0	0	
-202.752	161.694	-0.120003	0	-0.6	0	0	0	
-202.86	162.003	-0.110003	0	-0.6	0	0	0	
-202.968	162.295	-0.110003	0	-0.6	0	0	0	
-203.04	162.566	-0.120003	0	-0.6	0	0	0	
-203.076	162.814	-0.110003	0	-0.6	0	0	0	
-203.112	163.045	-0.120003	0	-0.6	0	0	0	
-203.112	163.255	-0.120003	0	-0.6	0	0	0	
-203.076	163.448	-0.110003	0	-0.6	0	0	0	
-203.076	163.625	-0.120003	0	-0.6	0	0	0	
-203.004	163.781	-0.120003	0	-0.6	0	0	0	
-202.932	163.918	-0.110003	0	-0.6	0	0	0	
-202.824	164.04	-0.0900021	0	-0.6	0	0	0	
-202.716	164.143	-0.100002	0	-0.6	0	0	0	
-202.572	164.221	-0.0900021	0	-0.6	0	0	0	
-202.428	164.273	-0.140003	0	-0.6	0	0	0	
-202.284	164.301	-0.200005	0	-0.6	0	0	0	
-202.068	164.323	-0.100002	0	-0.6	0	0	0	
-201.888	164.346	-0.0500011	0	-0.6	0	0	0	
-201.636	164.347	-0.100002	0	-0.6	0	0	0	
-201.42	164.336	-0.0800018	0	-0.6	0	0	0	
-201.168	164.328	-0.0200005	0	-0.6	0	0	0	
-200.88	164.314	0.0100002	0	-0.6	0	0	0	
-200.592	164.282	0.0600014	0	-0.6	0	0	0	
-200.268	164.216	0.0100002	0	-0.6	0	0	0	
-199.944	164.111	-0.0200005	0	-0.6	0	0	0	
-199.584	163.977	-0.0300007	0	-0.6	0	0	0	
-199.224	163.833	-0.0200005	0	-0.6	0	0	0	
-198.828	163.686	0	0	-0.6	0	0	0	
-198.432	163.527	0	0	-0.6	0	0	0	
-198	163.346	0.0200005	0	-0.6	0	0	0	
-197.568	163.145	0	0	-0.6	0	0	0	
-197.136	162.921	0.0100002	0	-0.6	0	0	0	
-196.668	162.671	-0.0100002	0	-0.6	0	0	0	
-196.164	162.398	0	0	-0.6	0	0	0	
-195.696	162.12	0.0100002	0	-0.6	0	0	0	
-195.156	161.828	0.0100002	0	-0.6	0	0	0	
-194.652	161.522	0	0	-0.6	0	0	0	
-194.112	161.194	-0.0500011	0	-0.6	0	0	0	
-193.572	160.844	-0.0200005	0	-0.6	0	0	0	
-192.996	160.495	-0.0500011	0	-0.6	0	0	0	
-192.456	160.14	-0.0400009	0	-0.6	0	0	0	
-191.88	159.786	0.0300007	0	-0.6	0	0	0	
-191.268	159.433	0	0	-0.6	0	0	0	
-190.692	159.059	0	0	-0.6	0	0	0	
-190.08	158.671	0	0	-0.6	0	0	0	
-189.468	158.269	0.0100002	0	-0.6	0	0	0	
-188.82	157.859	0.0300007	0	0.6	0	0	0	
-188.172	157.438	0.0200005	0	0.6	0	0	0	
-187.56	156.996	-0.0200005	0	0.6	0	0	0	
-186.912	156.537	-0.0700016	0	0.6	0	0	0	
-186.264	156.077	-0.100002	0	0.6	0	0	0	
-185.616	155.634	-0.0700016	0	0.6	0	0	0	
-184.968	155.221	-0.0700016	0	0.6	0	0	0	
-184.32	154.825	-0.0600014	0	0.6	0	0	0	
-183.672	154.447	-0.0500011	0	0.6	0	0	0	
-183.024	154.085	0.0200005	0	0.6	0	0	0	
-182.34	153.738	-0.0100002	0	0.6	0	0	0	
-181.692	153.387	-0.0300007	0	0.6	0	0	0	
-181.044	153.045	-0.0100002	0	0.6	0	0	0	
-180.396	152.713	-0.0100002	0	0.6	0	0	0	
-179.748	152.389	-0.0400009	0	0.6	0	0	0	
-179.1	152.074	-0.0500011	0	0.6	0	0	0	
-178.452	151.777	-0.0500011	0	0.6	0	0	0	
-177.84	151.502	-0.0500011	0	0.6	0	0	0	
-177.192	151.241	-0.0500011	0	0.6	0	0	0	
-176.58	151.003	-0.0600014	0	0.6	0	0	0	
-175.968	150.783	-0.0500011	0	0.6	0	0	0	
-175.356	150.586	-0.0500011	0	0.6	0	0	0	
-174.744	150.404	-0.0600014	0	0.6	0	0	0	
-174.168	150.242	-0.0400009	0	0.6	0	0	0	
-173.556	150.103	-0.0400009	0	0.6	0	0	0	
-172.98	149.983	-0.0500011	0	0.6	0	0	0	
-172.404	149.882	-0.0400009	0	0.6	0	0	0	
-171.864	149.799	-0.0600014	0	0.6	0	0	0	
-171.324	149.741	-0.0600014	0	0.6	0	0	0	
-170.784	149.711	-0.0600014	0	0.6	0	0	0	
-170.244	149.713	0.0800018	0	0.6	0	0	0	
-169.704	149.713	0.0800018	0	0.6	0	0	0	
-169.164	149.687	-0.0100002	0	0.6	0	0	0	
-168.66	149.649	-0.130003	0	0.6	0	0	0	
-168.192	149.633	-0.270006	0	0.6	0	0	0	
-167.724	149.662	-0.170004	0	0.6	0	0	0	
-167.256	149.748	-0.0600014	0	0.6	0	0	0	
-166.788	149.86	-0.0500011	0	0.6	0	0	0	
-166.356	149.962	-0.130003	0	0.6	0	0	0	
-165.924	150.053	-0.210005	0	0.6	0	0	0	
-165.528	150.154	-0.190004	0	0.6	0	0	0	
-165.132	150.287	-0.170004	0	0.6	0	0	0	
-164.736	150.455	-0.160004	0	0.6	0	0	0	
-164.376	150.641	-0.170004	0	0.6	0	0	0	
-164.016	150.835	-0.180004	0	0.6	0	0	0	
-163.656	151.046	-0.190004	0	0.6	0	0	0	
-163.332	151.275	-0.190004	0	0.6	0	0	0	
-163.044	151.528	-0.210005	0	0.6	0	0	0	
-162.756	151.801	-0.180004	0	0.6	0	0	0	
-162.468	152.097	-0.170004	0	0.6	0	0	0	
-162.216	152.413	-0.170004	0	0.6	0	0	0	
-161.964	152.744	-0.180004	0	0.6	0	0	0	
-161.748	153.088	-0.140003	0	0.6	0	0	0	
-161.532	153.438	-0.170004	0	0.6	0	0	0	
-161.316	153.792	-0.130003	0	0.6	0	0	0	
-161.136	154.152	-0.150003	0	0.6	0	0	0	
-160.956	154.509	-0.190004	0	0.6	0	0	0	
-160.812	154.875	-0.190004	0	0.6	0	0	0	
-160.668	155.259	-0.200005	0	0.6	0	0	0	
-160.56	155.659	-0.170004	0	0.6	0	0	0	
-160.452	156.079	-0.170004	0	0.6	0	0	0	
-160.38	156.512	-0.200005	0	0.6	0	0	0	
-160.308	156.959	-0.200005	0	0.6	0	0	0	
-160.272	157.421	-0.200005	0	0.6	0	0	0	
-160.236	157.899	-0.200005	0	0.6	0	0	0	
-160.2	158.399	-0.190004	0	0.6	0	0	0	
-160.2	158.911	-0.200005	0	0.6	0	0	0	
-160.236	159.437	-0.190004	0	0.6	0	0	0	
-160.272	159.984	-0.180004	0	0.6	0	0	0	
-160.308	160.552	-0.210005	0	0.6	0	0	0	
-160.38	161.125	-0.210005	0	0.6	0	0	0	
-160.488	161.71	-0.210005	0	0.6	0	0	0	
-160.596	162.314	-0.200005	0	0.6	0	0	0	
-160.704	162.936	-0.200005	0	0.6	0	0	0	
-160.848	163.572	-0.190004	0	0.6	0	0	0	
-161.028	164.226	-0.180004	0	0.6	0	0	0	
-161.172	164.896	-0.200005	0	0.6	0	0	0	
-161.388	165.576	-0.190004	0	0.6	0	0	0	
-161.568	166.273	-0.190004	0	0.6	0	0	0	
-161.784	166.985	-0.200005	0	0.6	0	0	0	
-162.036	167.713	-0.180004	0	0.6	0	0	0	
-162.288	168.463	-0.190004	0	0.6	0	0	0	
-162.54	169.223	-0.200005	0	0.6	0	0	0	
-162.828	169.997	-0.170004	0	0.6	0	0	0	
-163.152	170.793	-0.190004	0	0.6	0	0	0	
-163.44	171.599	-0.170004	0	0.6	0	0	0	
-163.8	172.426	-0.170004	0	0.6	0	0	0	
-164.124	173.265	-0.170004	0	0.6	0	0	0	
-164.484	174.118	-0.150003	0	0.6	0	0	0	
-164.844	174.992	-0.170004	0	0.6	0	0	0	
-165.24	175.876	-0.120003	0	0.6	0	0	0	
-165.636	176.785	-0.140003	0	0.6	0	0	0	
-166.068	177.703	-0.120003	0	0.6	0	0	0	
-166.464	178.643	-0.150003	0	0.6	0	0	0	
-166.932	179.588	-0.140003	0	0.6	0	0	0	
-167.364	180.55	-0.150003	0	0.6	0	0	0	
-167.832	181.523	-0.140003	0	0.6	0	0	0	
-168.3	182.518	-0.150003	0	0.6	0	0	0	
-168.768	183.523	-0.150003	0	0.6	0	0	0	
-169.272	184.544	-0.140003	0	0.6	0	0	0	
-169.776	185.573	-0.160004	0	-0.6	0	0	0	
-170.28	186.623	-0.140003	0	-0.6	0	0	0	
-170.82	187.687	-0.0800018	0	-0.6	0	0	0	
-171.324	188.769	-0.0700016	0	-0.6	0	0	0	
-171.864	189.839	-0.0600014	0	-0.6	0	0	0	
-172.404	190.899	-0.0600014	0	-0.6	0	0	0	
-172.944	191.93	-0.0600014	0	-0.6	0	0	0	
-173.448	192.95	-0.100002	0	-0.6	0	0	0	
-173.988	193.941	-0.0800018	0	-0.6	0	0	0	
-174.528	194.921	-0.0800018	0	-0.6	0	0	0	
-175.068	195.879	-0.0700016	0	-0.6	0	0	0	
-175.608	196.831	-0.0900021	0	-0.6	0	0	0	
-176.148	197.758	-0.0800018	0	-0.6	0	0	0	
-176.688	198.67	-0.110003	0	-0.6	0	0	0	
-177.228	199.556	-0.100002	0	-0.6	0	0	0	
-177.768	200.434	-0.100002	0	-0.6	0	0	0	
-178.308	201.299	-0.110003	0	-0.6	0	0	0	
-178.812	202.148	-0.110003	0	-0.6	0	0	0	
-179.352	202.98	-0.140003	0	-0.6	0	0	0	
-179.892	203.783	-0.140003	0	-0.6	0	0	0	
-180.396	204.579	-0.140003	0	-0.6	0	0	0	
-180.936	205.358	-0.130003	0	-0.6	0	0	0	
-181.44	206.133	-0.120003	0	-0.6	0	0	0	
-181.98	206.895	-0.140003	0	-0.6	0	0	0	
-182.484	207.637	-0.130003	0	-0.6	0	0	0	
-182.988	208.358	-0.160004	0	-0.6	0	0	0	
-183.492	209.062	-0.160004	0	-0.6	0	0	0	
-183.996	209.751	-0.140003	0	-0.6	0	0	0	
-184.464	210.434	-0.140003	0	-0.6	0	0	0	
-184.968	211.103	-0.160004	0	-0.6	0	0	0	
-185.436	211.753	-0.140003	0	-0.6	0	0	0	
-185.904	212.396	-0.170004	0	-0.6	0	0	0	
-186.372	213.015	-0.190004	0	-0.6	0	0	0	
-186.84	213.609	-0.170004	0	-0.6	0	0	0	
-187.272	214.198	-0.140003	0	-0.6	0	0	0	
-187.704	214.778	-0.180004	0	-0.6	0	0	0	
-188.136	215.339	-0.150003	0	-0.6	0	0	0	
-188.568	215.889	-0.150003	0	-0.6	0	0	0	
-188.964	216.43	-0.170004	0	-0.6	0	0	0	
-189.396	216.951	-0.130003	0	-0.6	0	0	0	
-189.792	217.458	-0.160004	0	-0.6	0	0	0	
-190.152	217.944	-0.160004	0	-0.6	0	0	0	
-190.548	218.417	-0.160004	0	-0.6	0	0	0	
-190.908	218.873	-0.170004	0	-0.6	0	0	0	
-191.232	219.313	-0.160004	0	-0.6	0	0	0	
-191.592	219.745	-0.160004	0	-0.6	0	0	0	
-191.916	220.163	-0.140003	0	-0.6	0	0	0	
-192.24	220.568	-0.150003	0	-0.6	0	0	0	
-192.528	220.953	-0.160004	0	-0.6	0	0	0	
-192.816	221.322	-0.140003	0	-0.6	0	0	0	
-193.104	221.682	-0.190004	0	-0.6	0	0	0	
-193.392	222.035	-0.130003	0	-0.6	0	0	0	
-193.644	222.387	-0.200005	0	-0.6	0	0	0	
-193.896	222.723	-0.200005	0	-0.6	0	0	0	
-194.148	223.051	-0.170004	0	-0.6	0	0	0	
-194.364	223.376	-0.150003	0	-0.6	0	0	0	
-194.58	223.696	-0.140003	0	-0.6	0	0	0	
-194.76	223.996	-0.120003	0	-0.6	0	0	0	
-194.94	224.282	-0.110003	0	-0.6	0	0	0	
-195.12	224.551	-0.140003	0	-0.6	0	0	0	
-195.264	224.797	-0.130003	0	-0.6	0	0	0	
-195.408	225.025	-0.120003	0	-0.6	0	0	0	
-195.516	225.234	-0.120003	0	-0.6	0	0	0	
-195.624	225.427	-0.110003	0	-0.6	0	0	0	
-195.732	225.604	-0.110003	0	-0.6	0	0	0	
-195.804	225.755	-0.120003	0	-0.6	0	0	0	
-195.84	225.884	-0.130003	0	-0.6	0	0	0	
-195.912	225.996	-0.120003	0	-0.6	0	0	0	
-195.912	226.09	-0.110003	0	-0.6	0	0	0	
-195.948	226.165	-0.110003	0	-0.6	0	0	0	
-195.948	226.218	-0.100002	0	-0.6	0	0	0	
-195.912	226.246	-0.0800018	0	-0.6	0	0	0	
-195.912	226.247	-0.230005	0	-0.6	0	0	0	
-195.876	226.248	-0.200005	0	-0.6	0	0	0	
-195.804	226.273	-0.0600014	0	-0.6	0	0	0	
-195.732	226.299	0.0400009	0	-0.6	0	0	0	
-195.66	226.29	0.0100002	0	-0.6	0	0	0	
-195.552	226.242	0	0	-0.6	0	0	0	
-195.444	226.167	-0.0300007	0	-0.6	0	0	0	
-195.3	226.077	0.0200005	0	-0.6	0	0	0	
-195.156	225.976	0.0100002	0	-0.6	0	0	0	
-195.012	225.859	0	0	-0.6	0	0	0	
-194.832	225.731	0.0400009	0	-0.6	0	0	0	
-194.652	225.59	0.0300007	0	-0.6	0	0	0	
-194.472	225.428	0.0500011	0	-0.6	0	0	0	
-194.256	225.247	0.130003	0	-0.6	0	0	0	
-194.04	225.048	0.0500011	0	-0.6	0	0	0	
-193.788	224.809	0.0200005	0	-0.6	0	0	0	
-193.536	224.555	0.0300007	0	-0.6	0	0	0	
-193.284	224.287	0.0500011	0	-0.6	0	0	0	
-192.996	224.009	0.0500011	0	-0.6	0	0	0	
-192.708	223.715	0.0400009	0	-0.6	0	0	0	
-192.384	223.404	0.0700016	0	-0.6	0	0	0	
-192.096	223.075	0.0100002	0	-0.6	0	0	0	
-191.772	222.728	-0.0700016	0	-0.6	0	0	0	
-191.448	222.366	0	0	-0.6	0	0	0	
-191.088	222.013	0.0400009	0	-0.6	0	0	0	
-190.728	221.66	0.0300007	0	-0.6	0	0	0	
-190.368	221.296	0.0300007	0	-0.6	0	0	0	
-190.008	220.922	0.0500011	0	-0.6	0	0	0	
-189.648	220.536	0.0500011	0	0.6	0	0	0	
-189.252	220.136	0.0600014	0	0.6	0	0	0	
-188.856	219.722	0.0100002	0	0.6	0	0	0	
-188.46	219.29	-0.0400009	0	0.6	0	0	0	
-188.028	218.853	-0.0800018	0	0.6	0	0	0	
-187.632	218.428	-0.0800018	0	0.6	0	0	0	
-187.236	218.027	-0.0700016	0	0.6	0	0	0	
-186.804	217.647	-0.0800018	0	0.6	0	0	0	
-186.408	217.283	0.0100002	0	0.6	0	0	0	
-185.976	216.941	0.0100002	0	0.6	0	0	0	
-185.544	216.593	-0.0800018	0	0.6	0	0	0	
-185.148	216.239	-0.0200005	0	0.6	0	0	0	
-184.716	215.918	0	0	0.6	0	0	0	
-184.284	215.614	0	0	0.6	0	0	0	
-183.852	215.319	-0.0300007	0	0.6	0	0	0	
-183.456	215.04	-0.0500011	0	0.6	0	0	0	
-183.024	214.773	-0.0300007	0	0.6	0	0	0	
-182.592	214.526	-0.0600014	0	0.6	0	0	0	
-182.196	214.294	-0.0300007	0	0.6	0	0	0	
-181.764	214.086	-0.0500011	0	0.6	0	0	0	
-181.332	213.896	-0.0600014	0	0.6	0	0	0	
-180.936	213.728	-0.0300007	0	0.6	0	0	0	
-180.54	213.581	-0.0600014	0	0.6	0	0	0	
-180.108	213.451	-0.0400009	0	0.6	0	0	0	
-179.712	213.34	-0.0500011	0	0.6	0	0	0	
-179.316	213.248	-0.0700016	0	0.6	0	0	0	
-178.92	213.176	-0.0700016	0	0.6	0	0	0	
-178.524	213.125	-0.0800018	0	0.6	0	0	0	
-178.164	213.097	-0.0300007	0	0.6	0	0	0	
-177.768	213.094	-0.0200005	0	0.6	0	0	0	
-177.372	213.094	-0.0600014	0	0.6	0	0	0	
-177.012	213.094	-0.100002	0	0.6	0	0	0	
-176.616	213.095	-0.160004	0	0.6	0	0	0	
-176.256	213.099	-0.200005	0	0.6	0	0	0	
-175.896	213.121	-0.270006	0	0.6	0	0	0	
-175.572	213.171	-0.210005	0	0.6	0	0	0	
-175.212	213.26	-0.150003	0	0.6	0	0	0	
-174.888	213.377	-0.160004	0	0.6	0	0	0	
-174.528	213.505	-0.190004	0	0.6	0	0	0	
-174.204	213.64	-0.220005	0	0.6	0	0	0	
-173.916	213.791	-0.210005	0	0.6	0	0	0	
-173.592	213.971	-0.190004	0	0.6	0	0	0	
-173.304	214.175	-0.190004	0	0.6	0	0	0	
-173.016	214.391	-0.200005	0	0.6	0	0	0	
-172.728	214.623	-0.210005	0	0.6	0	0	0	
-172.476	214.866	-0.210005	0	0.6	0	0	0	
-172.188	215.133	-0.210005	0	0.6	0	0	0	
-171.936	215.418	-0.200005	0	0.6	0	0	0	
-171.72	215.727	-0.190004	0	0.6	0	0	0	
-171.468	216.053	-0.190004	0	0.6	0	0	0	
-171.252	216.401	-0.100002	0	0.6	0	0	0	
-171.036	216.752	-0.230005	0	0.6	0	0	0	
-170.82	217.099	-0.120003	0	0.6	0	0	0	
-170.604	217.467	-0.180004	0	0.6	0	0	0	
-170.388	217.827	-0.250006	0	0.6	0	0	0	
-170.208	218.188	-0.200005	0	0.6	0	0	0	
-170.028	218.572	-0.220005	0	0.6	0	0	0	